  2.000000000000000E-003  2.000000000000000E-003 -0.612642523202185     
  2.000000000000000E-003  0.298270416666667      -0.577018423481597     
  2.000000000000000E-003  0.594540833333333      -0.522476985223555     
  2.000000000000000E-003  0.890811250000000      -0.446543414860764     
  2.000000000000000E-003   1.18708166666667      -0.379895292502501     
  2.000000000000000E-003   1.48335208333333      -0.329121300087332     
  2.000000000000000E-003   1.77962250000000      -0.290340848586337     
  2.000000000000000E-003   2.07589291666667      -0.259537418210545     
  2.000000000000000E-003   2.37216333333333      -0.234204352096545     
  2.000000000000000E-003   2.66843375000000      -0.212620049262219     
  2.000000000000000E-003   2.96470416666667      -0.193723596419023     
  2.000000000000000E-003   3.26097458333333      -0.176859926744632     
  2.000000000000000E-003   3.55724500000000      -0.161617854251273     
  2.000000000000000E-003   3.85351541666667      -0.147757287086310     
  2.000000000000000E-003   4.14978583333333      -0.135164492113856     
  2.000000000000000E-003   4.44605625000000      -0.123786927528051     
  2.000000000000000E-003   4.74232666666667      -0.113591902031427     
  2.000000000000000E-003   5.03859708333333      -0.104567916222209     
  2.000000000000000E-003   5.33486750000000      -9.678167837452167E-002
  2.000000000000000E-003   5.63113791666667      -9.024377108403672E-002
  2.000000000000000E-003   5.92740833333333      -8.491987448926092E-002
  2.000000000000000E-003   6.22367875000000      -8.063044381362340E-002
  2.000000000000000E-003   6.51994916666667      -7.666789030180302E-002
  2.000000000000000E-003   6.81621958333333      -7.126505122501893E-002
  2.000000000000000E-003   7.11249000000000      -6.493269246833243E-002
  0.298270416666667       2.000000000000000E-003 -0.705064765076917     
  0.298270416666667       0.298270416666667      -0.607989292202233     
  0.298270416666667       0.594540833333333      -0.534233419113362     
  0.298270416666667       0.890811250000000      -0.467416127482428     
  0.298270416666667        1.18708166666667      -0.404942654535294     
  0.298270416666667        1.48335208333333      -0.353642775069040     
  0.298270416666667        1.77962250000000      -0.312356426257501     
  0.298270416666667        2.07589291666667      -0.278177629367521     
  0.298270416666667        2.37216333333333      -0.249240839691279     
  0.298270416666667        2.66843375000000      -0.224796157798653     
  0.298270416666667        2.96470416666667      -0.203618017202956     
  0.298270416666667        3.26097458333333      -0.184905816415344     
  0.298270416666667        3.55724500000000      -0.168172702194987     
  0.298270416666667        3.85351541666667      -0.153129789982380     
  0.298270416666667        4.14978583333333      -0.139612460301348     
  0.298270416666667        4.44605625000000      -0.127511386555799     
  0.298270416666667        4.74232666666667      -0.116734394469257     
  0.298270416666667        5.03859708333333      -0.107212489288162     
  0.298270416666667        5.33486750000000      -9.896850995165599E-002
  0.298270416666667        5.63113791666667      -9.198192322478081E-002
  0.298270416666667        5.92740833333333      -8.616525221767474E-002
  0.298270416666667        6.22367875000000      -8.124486708460606E-002
  0.298270416666667        6.51994916666667      -7.646913292548804E-002
  0.298270416666667        6.81621958333333      -7.093436094283716E-002
  0.298270416666667        7.11249000000000      -6.611442672781634E-002
  0.594540833333333       2.000000000000000E-003 -0.744625642935088     
  0.594540833333333       0.298270416666667      -0.669023136848266     
  0.594540833333333       0.594540833333333      -0.566527911899613     
  0.594540833333333       0.890811250000000      -0.490893921094380     
  0.594540833333333        1.18708166666667      -0.428654317886793     
  0.594540833333333        1.48335208333333      -0.376318496694778     
  0.594540833333333        1.77962250000000      -0.332374983128079     
  0.594540833333333        2.07589291666667      -0.294782015333821     
  0.594540833333333        2.37216333333333      -0.262579320332808     
  0.594540833333333        2.66843375000000      -0.235538596265403     
  0.594540833333333        2.96470416666667      -0.212274707781720     
  0.594540833333333        3.26097458333333      -0.191898800700492     
  0.594540833333333        3.55724500000000      -0.173845870398958     
  0.594540833333333        3.85351541666667      -0.157760665608803     
  0.594540833333333        4.14978583333333      -0.143416931348154     
  0.594540833333333        4.44605625000000      -0.130651639635663     
  0.594540833333333        4.74232666666667      -0.119324942108986     
  0.594540833333333        5.03859708333333      -0.109310734903412     
  0.594540833333333        5.33486750000000      -0.100574150260734     
  0.594540833333333        5.63113791666667      -9.304812617604506E-002
  0.594540833333333        5.92740833333333      -8.657689985987610E-002
  0.594540833333333        6.22367875000000      -8.084485804989916E-002
  0.594540833333333        6.51994916666667      -7.537799704711097E-002
  0.594540833333333        6.81621958333333      -7.017298118975697E-002
  0.594540833333333        7.11249000000000      -6.579618991413538E-002
  0.890811250000000       2.000000000000000E-003 -0.761702668696116     
  0.890811250000000       0.298270416666667      -0.711939752376047     
  0.890811250000000       0.594540833333333      -0.615737267719211     
  0.890811250000000       0.890811250000000      -0.528058541116110     
  0.890811250000000        1.18708166666667      -0.457043006458970     
  0.890811250000000        1.48335208333333      -0.398901969892760     
  0.890811250000000        1.77962250000000      -0.350221513776287     
  0.890811250000000        2.07589291666667      -0.308502613550406     
  0.890811250000000        2.37216333333333      -0.273575791561876     
  0.890811250000000        2.66843375000000      -0.244327293156104     
  0.890811250000000        2.96470416666667      -0.219334916316750     
  0.890811250000000        3.26097458333333      -0.197637742804696     
  0.890811250000000        3.55724500000000      -0.178564256704630     
  0.890811250000000        3.85351541666667      -0.161657883231937     
  0.890811250000000        4.14978583333333      -0.146623037107108     
  0.890811250000000        4.44605625000000      -0.133262575717108     
  0.890811250000000        4.74232666666667      -0.121419136239458     
  0.890811250000000        5.03859708333333      -0.110944058115363     
  0.890811250000000        5.33486750000000      -0.101728182712677     
  0.890811250000000        5.63113791666667      -9.369885970542803E-002
  0.890811250000000        5.92740833333333      -8.668912959756965E-002
  0.890811250000000        6.22367875000000      -8.046541311194563E-002
  0.890811250000000        6.51994916666667      -7.480876228911192E-002
  0.890811250000000        6.81621958333333      -6.971308572715910E-002
  0.890811250000000        7.11249000000000      -6.509899941718449E-002
   1.18708166666667       2.000000000000000E-003 -0.757436424789249     
   1.18708166666667       0.298270416666667      -0.723624555683242     
   1.18708166666667       0.594540833333333      -0.645196757104746     
   1.18708166666667       0.890811250000000      -0.558900074553509     
   1.18708166666667        1.18708166666667      -0.482314452482892     
   1.18708166666667        1.48335208333333      -0.417971503430511     
   1.18708166666667        1.77962250000000      -0.363962540894227     
   1.18708166666667        2.07589291666667      -0.318703837577432     
   1.18708166666667        2.37216333333333      -0.281675258304152     
   1.18708166666667        2.66843375000000      -0.250759441579851     
   1.18708166666667        2.96470416666667      -0.224563735510750     
   1.18708166666667        3.26097458333333      -0.202043919977794     
   1.18708166666667        3.55724500000000      -0.182366878918027     
   1.18708166666667        3.85351541666667      -0.164921570253091     
   1.18708166666667        4.14978583333333      -0.149340817659312     
   1.18708166666667        4.44605625000000      -0.135440333713245     
   1.18708166666667        4.74232666666667      -0.123101177545018     
   1.18708166666667        5.03859708333333      -0.112192047212634     
   1.18708166666667        5.33486750000000      -0.102563727077908     
   1.18708166666667        5.63113791666667      -9.412534471069671E-002
   1.18708166666667        5.92740833333333      -8.674057601037208E-002
   1.18708166666667        6.22367875000000      -8.023664798786233E-002
   1.18708166666667        6.51994916666667      -7.445108785540523E-002
   1.18708166666667        6.81621958333333      -6.924537200970833E-002
   1.18708166666667        7.11249000000000      -6.440573451921834E-002
   1.48335208333333       2.000000000000000E-003 -0.733728352924310     
   1.48335208333333       0.298270416666667      -0.709417744493589     
   1.48335208333333       0.594540833333333      -0.647087905646921     
   1.48335208333333       0.890811250000000      -0.570262346426005     
   1.48335208333333        1.18708166666667      -0.494848061142976     
   1.48335208333333        1.48335208333333      -0.427844191559752     
   1.48335208333333        1.77962250000000      -0.370907198635589     
   1.48335208333333        2.07589291666667      -0.324599455087263     
   1.48335208333333        2.37216333333333      -0.286408856972773     
   1.48335208333333        2.66843375000000      -0.254591942242437     
   1.48335208333333        2.96470416666667      -0.227903699079807     
   1.48335208333333        3.26097458333333      -0.205208004577924     
   1.48335208333333        3.55724500000000      -0.185446854413429     
   1.48335208333333        3.85351541666667      -0.167768636301026     
   1.48335208333333        4.14978583333333      -0.151736728793830     
   1.48335208333333        4.44605625000000      -0.137282472844256     
   1.48335208333333        4.74232666666667      -0.124435614359085     
   1.48335208333333        5.03859708333333      -0.113114419313486     
   1.48335208333333        5.33486750000000      -0.103157887803979     
   1.48335208333333        5.63113791666667      -9.440773159606591E-002
   1.48335208333333        5.92740833333333      -8.675261123070951E-002
   1.48335208333333        6.22367875000000      -8.004811237891472E-002
   1.48335208333333        6.51994916666667      -7.412166578990702E-002
   1.48335208333333        6.81621958333333      -6.877472861714758E-002
   1.48335208333333        7.11249000000000      -6.379829171518100E-002
   1.77962250000000       2.000000000000000E-003 -0.693083892292018     
   1.77962250000000       0.298270416666667      -0.675128666468112     
   1.77962250000000       0.594540833333333      -0.625408017078886     
   1.77962250000000       0.890811250000000      -0.559318791992667     
   1.77962250000000        1.18708166666667      -0.489820174129501     
   1.77962250000000        1.48335208333333      -0.425429142857999     
   1.77962250000000        1.77962250000000      -0.371211050399272     
   1.77962250000000        2.07589291666667      -0.325692154027502     
   1.77962250000000        2.37216333333333      -0.287578192500601     
   1.77962250000000        2.66843375000000      -0.255801346722059     
   1.77962250000000        2.96470416666667      -0.229396990847171     
   1.77962250000000        3.26097458333333      -0.207232979894102     
   1.77962250000000        3.55724500000000      -0.187925039754428     
   1.77962250000000        3.85351541666667      -0.170310369530297     
   1.77962250000000        4.14978583333333      -0.153891267785782     
   1.77962250000000        4.44605625000000      -0.138832978007372     
   1.77962250000000        4.74232666666667      -0.125415492461132     
   1.77962250000000        5.03859708333333      -0.113719794436974     
   1.77962250000000        5.33486750000000      -0.103503695348671     
   1.77962250000000        5.63113791666667      -9.454861764306693E-002
   1.77962250000000        5.92740833333333      -8.670224173965410E-002
   1.77962250000000        6.22367875000000      -7.984323918123001E-002
   1.77962250000000        6.51994916666667      -7.379423180986039E-002
   1.77962250000000        6.81621958333333      -6.834613623499688E-002
   1.77962250000000        7.11249000000000      -6.330233038260380E-002
   2.07589291666667       2.000000000000000E-003 -0.637346457578291     
   2.07589291666667       0.298270416666667      -0.622599970548259     
   2.07589291666667       0.594540833333333      -0.583405884824672     
   2.07589291666667       0.890811250000000      -0.528211363320675     
   2.07589291666667        1.18708166666667      -0.470015212945821     
   2.07589291666667        1.48335208333333      -0.414821421486229     
   2.07589291666667        1.77962250000000      -0.365175005633639     
   2.07589291666667        2.07589291666667      -0.322026010584512     
   2.07589291666667        2.37216333333333      -0.285244986337694     
   2.07589291666667        2.66843375000000      -0.254392228957995     
   2.07589291666667        2.96470416666667      -0.229035477850839     
   2.07589291666667        3.26097458333333      -0.208196095294042     
   2.07589291666667        3.55724500000000      -0.189997988104534     
   2.07589291666667        3.85351541666667      -0.172644477674609     
   2.07589291666667        4.14978583333333      -0.155743731775961     
   2.07589291666667        4.44605625000000      -0.140012607010603     
   2.07589291666667        4.74232666666667      -0.126049070965809     
   2.07589291666667        5.03859708333333      -0.113978326930599     
   2.07589291666667        5.33486750000000      -0.103599877332519     
   2.07589291666667        5.63113791666667      -9.451350489719852E-002
   2.07589291666667        5.92740833333333      -8.654847419002686E-002
   2.07589291666667        6.22367875000000      -7.958351108927700E-002
   2.07589291666667        6.51994916666667      -7.345332068732280E-002
   2.07589291666667        6.81621958333333      -6.795716440034698E-002
   2.07589291666667        7.11249000000000      -6.289322446067944E-002
   2.37216333333333       2.000000000000000E-003 -0.571801055167954     
   2.37216333333333       0.298270416666667      -0.561469578314336     
   2.37216333333333       0.594540833333333      -0.532891168341172     
   2.37216333333333       0.890811250000000      -0.491942892535180     
   2.37216333333333        1.18708166666667      -0.445092639889472     
   2.37216333333333        1.48335208333333      -0.397649130153114     
   2.37216333333333        1.77962250000000      -0.353383068337520     
   2.37216333333333        2.07589291666667      -0.313945039925602     
   2.37216333333333        2.37216333333333      -0.279602423308966     
   2.37216333333333        2.66843375000000      -0.250508506686312     
   2.37216333333333        2.96470416666667      -0.226866906184921     
   2.37216333333333        3.26097458333333      -0.208222239209574     
   2.37216333333333        3.55724500000000      -0.191945277114722     
   2.37216333333333        3.85351541666667      -0.174907913389468     
   2.37216333333333        4.14978583333333      -0.157198115437465     
   2.37216333333333        4.44605625000000      -0.140723843885473     
   2.37216333333333        4.74232666666667      -0.126344058714747     
   2.37216333333333        5.03859708333333      -0.114009233359851     
   2.37216333333333        5.33486750000000      -0.103452549026920     
   2.37216333333333        5.63113791666667      -9.429955232985798E-002
   2.37216333333333        5.92740833333333      -8.624487917732437E-002
   2.37216333333333        6.22367875000000      -7.920869860592014E-002
   2.37216333333333        6.51994916666667      -7.304528312944780E-002
   2.37216333333333        6.81621958333333      -6.754683278856247E-002
   2.37216333333333        7.11249000000000      -6.250876522496950E-002
   2.66843375000000       2.000000000000000E-003 -0.516285085131178     
   2.66843375000000       0.298270416666667      -0.508525629551320     
   2.66843375000000       0.594540833333333      -0.486526858093311     
   2.66843375000000       0.890811250000000      -0.453803775182143     
   2.66843375000000        1.18708166666667      -0.414955414373746     
   2.66843375000000        1.48335208333333      -0.374658501198976     
   2.66843375000000        1.77962250000000      -0.336600706128617     
   2.66843375000000        2.07589291666667      -0.302074348619056     
   2.66843375000000        2.37216333333333      -0.271448060179924     
   2.66843375000000        2.66843375000000      -0.244951770811807     
   2.66843375000000        2.96470416666667      -0.223254612675850     
   2.66843375000000        3.26097458333333      -0.207296045314634     
   2.66843375000000        3.55724500000000      -0.193939397789207     
   2.66843375000000        3.85351541666667      -0.176932070299733     
   2.66843375000000        4.14978583333333      -0.158023864099334     
   2.66843375000000        4.44605625000000      -0.141061244586476     
   2.66843375000000        4.74232666666667      -0.126474465692513     
   2.66843375000000        5.03859708333333      -0.113916599274428     
   2.66843375000000        5.33486750000000      -0.103152141518854     
   2.66843375000000        5.63113791666667      -9.387849776397893E-002
   2.66843375000000        5.92740833333333      -8.575555827469136E-002
   2.66843375000000        6.22367875000000      -7.867683287954881E-002
   2.66843375000000        6.51994916666667      -7.250799650645927E-002
   2.66843375000000        6.81621958333333      -6.703744339472557E-002
   2.66843375000000        7.11249000000000      -6.204733255494965E-002
   2.96470416666667       2.000000000000000E-003 -0.462545260060862     
   2.96470416666667       0.298270416666667      -0.456374409035414     
   2.96470416666667       0.594540833333333      -0.438748712772519     
   2.96470416666667       0.890811250000000      -0.412207968414104     
   2.96470416666667        1.18708166666667      -0.380382099031897     
   2.96470416666667        1.48335208333333      -0.347407347819842     
   2.96470416666667        1.77962250000000      -0.316125482196011     
   2.96470416666667        2.07589291666667      -0.287538054912716     
   2.96470416666667        2.37216333333333      -0.261986110983611     
   2.96470416666667        2.66843375000000      -0.239325866581004     
   2.96470416666667        2.96470416666667      -0.219539920236095     
   2.96470416666667        3.26097458333333      -0.204889138288649     
   2.96470416666667        3.55724500000000      -0.194980306145419     
   2.96470416666667        3.85351541666667      -0.177538095996661     
   2.96470416666667        4.14978583333333      -0.158286275586272     
   2.96470416666667        4.44605625000000      -0.141647778797046     
   2.96470416666667        4.74232666666667      -0.126755204184616     
   2.96470416666667        5.03859708333333      -0.113711090196733     
   2.96470416666667        5.33486750000000      -0.102595309204479     
   2.96470416666667        5.63113791666667      -9.314937714345012E-002
   2.96470416666667        5.92740833333333      -8.497876007945214E-002
   2.96470416666667        6.22367875000000      -7.791051918115632E-002
   2.96470416666667        6.51994916666667      -7.178752089975245E-002
   2.96470416666667        6.81621958333333      -6.638364910237339E-002
   2.96470416666667        7.11249000000000      -6.146753464810040E-002
   3.26097458333333       2.000000000000000E-003 -0.408810579093697     
   3.26097458333333       0.298270416666667      -0.403925805575117     
   3.26097458333333       0.594540833333333      -0.390004030320476     
   3.26097458333333       0.890811250000000      -0.369032707076653     
   3.26097458333333        1.18708166666667      -0.343920386630260     
   3.26097458333333        1.48335208333333      -0.318090412019554     
   3.26097458333333        1.77962250000000      -0.293649526957768     
   3.26097458333333        2.07589291666667      -0.271282382525010     
   3.26097458333333        2.37216333333333      -0.251500781486385     
   3.26097458333333        2.66843375000000      -0.234231668932044     
   3.26097458333333        2.96470416666667      -0.218109924459665     
   3.26097458333333        3.26097458333333      -0.201410820775300     
   3.26097458333333        3.55724500000000      -0.191286210380076     
   3.26097458333333        3.85351541666667      -0.175390220253626     
   3.26097458333333        4.14978583333333      -0.159638278095267     
   3.26097458333333        4.44605625000000      -0.142864472842871     
   3.26097458333333        4.74232666666667      -0.126755633985335     
   3.26097458333333        5.03859708333333      -0.112895681086192     
   3.26097458333333        5.33486750000000      -0.101418931184526     
   3.26097458333333        5.63113791666667      -9.189286521902994E-002
   3.26097458333333        5.92740833333333      -8.376383364553099E-002
   3.26097458333333        6.22367875000000      -7.680015524109450E-002
   3.26097458333333        6.51994916666667      -7.080008744326605E-002
   3.26097458333333        6.81621958333333      -6.551746928899295E-002
   3.26097458333333        7.11249000000000      -6.071077872889143E-002
   3.55724500000000       2.000000000000000E-003 -0.358011522681225     
   3.55724500000000       0.298270416666667      -0.354273902658002     
   3.55724500000000       0.594540833333333      -0.343678149957725     
   3.55724500000000       0.890811250000000      -0.327757195067133     
   3.55724500000000        1.18708166666667      -0.308731787717072     
   3.55724500000000        1.48335208333333      -0.289248650791140     
   3.55724500000000        1.77962250000000      -0.270652933135147     
   3.55724500000000        2.07589291666667      -0.253551798363787     
   3.55724500000000        2.37216333333333      -0.238380668632868     
   3.55724500000000        2.66843375000000      -0.225286566668493     
   3.55724500000000        2.96470416666667      -0.213278855984563     
   3.55724500000000        3.26097458333333      -0.199166371378059     
   3.55724500000000        3.55724500000000      -0.182742379839060     
   3.55724500000000        3.85351541666667      -0.171705410409044     
   3.55724500000000        4.14978583333333      -0.158296149188661     
   3.55724500000000        4.44605625000000      -0.140754971642941     
   3.55724500000000        4.74232666666667      -0.124227313689144     
   3.55724500000000        5.03859708333333      -0.110385397942156     
   3.55724500000000        5.33486750000000      -9.910954995043988E-002
   3.55724500000000        5.63113791666667      -8.984680814715693E-002
   3.55724500000000        5.92740833333333      -8.197970470950938E-002
   3.55724500000000        6.22367875000000      -7.525942987393390E-002
   3.55724500000000        6.51994916666667      -6.947603529534284E-002
   3.55724500000000        6.81621958333333      -6.437641805481996E-002
   3.55724500000000        7.11249000000000      -5.971915514986473E-002
   3.85351541666667       2.000000000000000E-003 -0.313492048423102     
   3.85351541666667       0.298270416666667      -0.310750648781562     
   3.85351541666667       0.594540833333333      -0.302971565199806     
   3.85351541666667       0.890811250000000      -0.291242783588725     
   3.85351541666667        1.18708166666667      -0.277141243581605     
   3.85351541666667        1.48335208333333      -0.262528003857848     
   3.85351541666667        1.77962250000000      -0.248317820893378     
   3.85351541666667        2.07589291666667      -0.234734991442468     
   3.85351541666667        2.37216333333333      -0.221953248318864     
   3.85351541666667        2.66843375000000      -0.209603932492491     
   3.85351541666667        2.96470416666667      -0.196885347875119     
   3.85351541666667        3.26097458333333      -0.185650195787736     
   3.85351541666667        3.55724500000000      -0.175433781281230     
   3.85351541666667        3.85351541666667      -0.156066254342104     
   3.85351541666667        4.14978583333333      -0.143854522129034     
   3.85351541666667        4.44605625000000      -0.130970979820949     
   3.85351541666667        4.74232666666667      -0.117614427093033     
   3.85351541666667        5.03859708333333      -0.105623639885069     
   3.85351541666667        5.33486750000000      -9.548050662696100E-002
   3.85351541666667        5.63113791666667      -8.695982603857207E-002
   3.85351541666667        5.92740833333333      -7.961300247100073E-002
   3.85351541666667        6.22367875000000      -7.328133846893402E-002
   3.85351541666667        6.51994916666667      -6.780167852649337E-002
   3.85351541666667        6.81621958333333      -6.293852324576714E-002
   3.85351541666667        7.11249000000000      -5.846558493212530E-002
   4.14978583333333       2.000000000000000E-003 -0.276805174384082     
   4.14978583333333       0.298270416666667      -0.274817000660952     
   4.14978583333333       0.594540833333333      -0.269134152019550     
   4.14978583333333       0.890811250000000      -0.260470057732900     
   4.14978583333333        1.18708166666667      -0.249874118434863     
   4.14978583333333        1.48335208333333      -0.238583633420425     
   4.14978583333333        1.77962250000000      -0.227199673344442     
   4.14978583333333        2.07589291666667      -0.215793078225806     
   4.14978583333333        2.37216333333333      -0.204394025878976     
   4.14978583333333        2.66843375000000      -0.192889437744792     
   4.14978583333333        2.96470416666667      -0.182064702122307     
   4.14978583333333        3.26097458333333      -0.174822232230192     
   4.14978583333333        3.55724500000000      -0.165553471888988     
   4.14978583333333        3.85351541666667      -0.145635172638225     
   4.14978583333333        4.14978583333333      -0.130142042489181     
   4.14978583333333        4.44605625000000      -0.119271465383727     
   4.14978583333333        4.74232666666667      -0.109121903297723     
   4.14978583333333        5.03859708333333      -9.954803710115005E-002
   4.14978583333333        5.33486750000000      -9.099000836870648E-002
   4.14978583333333        5.63113791666667      -8.348422201141374E-002
   4.14978583333333        5.92740833333333      -7.680727566978798E-002
   4.14978583333333        6.22367875000000      -7.095634844148319E-002
   4.14978583333333        6.51994916666667      -6.583534848430247E-002
   4.14978583333333        6.81621958333333      -6.124055989782645E-002
   4.14978583333333        7.11249000000000      -5.697355904060588E-002
   4.44605625000000       2.000000000000000E-003 -0.247251134696182     
   4.44605625000000       0.298270416666667      -0.245743078522484     
   4.44605625000000       0.594540833333333      -0.241399177185073     
   4.44605625000000       0.890811250000000      -0.234693797438557     
   4.44605625000000        1.18708166666667      -0.226323564047226     
   4.44605625000000        1.48335208333333      -0.217083022773905     
   4.44605625000000        1.77962250000000      -0.207508154119721     
   4.44605625000000        2.07589291666667      -0.197617409618376     
   4.44605625000000        2.37216333333333      -0.187592955520915     
   4.44605625000000        2.66843375000000      -0.177799529685575     
   4.44605625000000        2.96470416666667      -0.169144768298811     
   4.44605625000000        3.26097458333333      -0.161963111660326     
   4.44605625000000        3.55724500000000      -0.151912989379426     
   4.44605625000000        3.85351541666667      -0.136199432835825     
   4.44605625000000        4.14978583333333      -0.121438601724919     
   4.44605625000000        4.44605625000000      -0.110525973397039     
   4.44605625000000        4.74232666666667      -0.101614766278097     
   4.44605625000000        5.03859708333333      -9.362612639382496E-002
   4.44605625000000        5.33486750000000      -8.639380176838631E-002
   4.44605625000000        5.63113791666667      -7.981220988393541E-002
   4.44605625000000        5.92740833333333      -7.378929929759315E-002
   4.44605625000000        6.22367875000000      -6.843480152212299E-002
   4.44605625000000        6.51994916666667      -6.368557005442353E-002
   4.44605625000000        6.81621958333333      -5.936693738803832E-002
   4.44605625000000        7.11249000000000      -5.531393731444811E-002
   4.74232666666667       2.000000000000000E-003 -0.222988298022320     
   4.74232666666667       0.298270416666667      -0.221734663562193     
   4.74232666666667       0.594540833333333      -0.218118419089663     
   4.74232666666667       0.890811250000000      -0.212520677246270     
   4.74232666666667        1.18708166666667      -0.205468064110260     
   4.74232666666667        1.48335208333333      -0.197526143025165     
   4.74232666666667        1.77962250000000      -0.189169729019827     
   4.74232666666667        2.07589291666667      -0.180535120521758     
   4.74232666666667        2.37216333333333      -0.171857135385151     
   4.74232666666667        2.66843375000000      -0.163520504760314     
   4.74232666666667        2.96470416666667      -0.155839101980132     
   4.74232666666667        3.26097458333333      -0.148223990460297     
   4.74232666666667        3.55724500000000      -0.138608107389223     
   4.74232666666667        3.85351541666667      -0.126358365868357     
   4.74232666666667        4.14978583333333      -0.114124791576892     
   4.74232666666667        4.44605625000000      -0.103968729080038     
   4.74232666666667        4.74232666666667      -9.568332483334419E-002
   4.74232666666667        5.03859708333333      -8.855614269361664E-002
   4.74232666666667        5.33486750000000      -8.216321294931564E-002
   4.74232666666667        5.63113791666667      -7.621952183179492E-002
   4.74232666666667        5.92740833333333      -7.075157591662261E-002
   4.74232666666667        6.22367875000000      -6.585588106588040E-002
   4.74232666666667        6.51994916666667      -6.146021300287908E-002
   4.74232666666667        6.81621958333333      -5.741307361591733E-002
   4.74232666666667        7.11249000000000      -5.357969731939775E-002
   5.03859708333333       2.000000000000000E-003 -0.202572532587333     
   5.03859708333333       0.298270416666667      -0.201396342922720     
   5.03859708333333       0.594540833333333      -0.198060326093805     
   5.03859708333333       0.890811250000000      -0.192982730337000     
   5.03859708333333        1.18708166666667      -0.186698801085673     
   5.03859708333333        1.48335208333333      -0.179671409274884     
   5.03859708333333        1.77962250000000      -0.172275321170972     
   5.03859708333333        2.07589291666667      -0.164760686434757     
   5.03859708333333        2.37216333333333      -0.157267799528627     
   5.03859708333333        2.66843375000000      -0.150014522831410     
   5.03859708333333        2.96470416666667      -0.142974589834101     
   5.03859708333333        3.26097458333333      -0.135603980904530     
   5.03859708333333        3.55724500000000      -0.127029745122692     
   5.03859708333333        3.85351541666667      -0.117185447227549     
   5.03859708333333        4.14978583333333      -0.107237600979269     
   5.03859708333333        4.44605625000000      -9.834043420458080E-002
   5.03859708333333        4.74232666666667      -9.076699820784234E-002
   5.03859708333333        5.03859708333333      -8.421732285379989E-002
   5.03859708333333        5.33486750000000      -7.828945498217739E-002
   5.03859708333333        5.63113791666667      -7.278876328601287E-002
   5.03859708333333        5.92740833333333      -6.778410700889465E-002
   5.03859708333333        6.22367875000000      -6.328313383333248E-002
   5.03859708333333        6.51994916666667      -5.920986794456026E-002
   5.03859708333333        6.81621958333333      -5.543960676495020E-002
   5.03859708333333        7.11249000000000      -5.184706933352426E-002
   5.33486750000000       2.000000000000000E-003 -0.185154720404814     
   5.33486750000000       0.298270416666667      -0.183987008929878     
   5.33486750000000       0.594540833333333      -0.180684771010419     
   5.33486750000000       0.890811250000000      -0.175826806053653     
   5.33486750000000        1.18708166666667      -0.170008373410399     
   5.33486750000000        1.48335208333333      -0.163689036456629     
   5.33486750000000        1.77962250000000      -0.157162781487804     
   5.33486750000000        2.07589291666667      -0.150601496019522     
   5.33486750000000        2.37216333333333      -0.144107794434752     
   5.33486750000000        2.66843375000000      -0.137719600234396     
   5.33486750000000        2.96470416666667      -0.131326236269986     
   5.33486750000000        3.26097458333333      -0.124577573903197     
   5.33486750000000        3.55724500000000      -0.117104155101203     
   5.33486750000000        3.85351541666667      -0.108969668350074     
   5.33486750000000        4.14978583333333      -0.100755434096416     
   5.33486750000000        4.44605625000000      -9.310221039642382E-002
   5.33486750000000        4.74232666666667      -8.627844903124933E-002
   5.33486750000000        5.03859708333333      -8.016979304955085E-002
   5.33486750000000        5.33486750000000      -7.459542509145564E-002
   5.33486750000000        5.63113791666667      -6.950290442403402E-002
   5.33486750000000        5.92740833333333      -6.486852672873178E-002
   5.33486750000000        6.22367875000000      -6.069172736321390E-002
   5.33486750000000        6.51994916666667      -5.691822905251489E-002
   5.33486750000000        6.81621958333333      -5.342843589578860E-002
   5.33486750000000        7.11249000000000      -5.009439271313634E-002
   5.63113791666667       2.000000000000000E-003 -0.170175789942617     
   5.63113791666667       0.298270416666667      -0.168946345262072     
   5.63113791666667       0.594540833333333      -0.165592717090955     
   5.63113791666667       0.890811250000000      -0.160875501038951     
   5.63113791666667        1.18708166666667      -0.155464419954588     
   5.63113791666667        1.48335208333333      -0.149781742842495     
   5.63113791666667        1.77962250000000      -0.144016566310774     
   5.63113791666667        2.07589291666667      -0.138270209572810     
   5.63113791666667        2.37216333333333      -0.132571147539989     
   5.63113791666667        2.66843375000000      -0.126883284518839     
   5.63113791666667        2.96470416666667      -0.121085962123000     
   5.63113791666667        3.26097458333333      -0.115001872684217     
   5.63113791666667        3.55724500000000      -0.108476401141714     
   5.63113791666667        3.85351541666667      -0.101582942254280     
   5.63113791666667        4.14978583333333      -9.463099850084951E-002
   5.63113791666667        4.44605625000000      -8.797808435155226E-002
   5.63113791666667        4.74232666666667      -8.181725429854314E-002
   5.63113791666667        5.03859708333333      -7.619081382249496E-002
   5.63113791666667        5.33486750000000      -7.105131848163652E-002
   5.63113791666667        5.63113791666667      -6.632030350608817E-002
   5.63113791666667        5.92740833333333      -6.199089556556540E-002
   5.63113791666667        6.22367875000000      -5.809438312845932E-002
   5.63113791666667        6.51994916666667      -5.459730236218273E-002
   5.63113791666667        6.81621958333333      -5.138675484295860E-002
   5.63113791666667        7.11249000000000      -4.831702030004419E-002
   5.92740833333333       2.000000000000000E-003 -0.157285138020277     
   5.92740833333333       0.298270416666667      -0.155938467000101     
   5.92740833333333       0.594540833333333      -0.152464504232070     
   5.92740833333333       0.890811250000000      -0.147870654182018     
   5.92740833333333        1.18708166666667      -0.142863421418524     
   5.92740833333333        1.48335208333333      -0.137765280675454     
   5.92740833333333        1.77962250000000      -0.132664749418454     
   5.92740833333333        2.07589291666667      -0.127559017812560     
   5.92740833333333        2.37216333333333      -0.122465440361747     
   5.92740833333333        2.66843375000000      -0.117343151161890     
   5.92740833333333        2.96470416666667      -0.112097811753780     
   5.92740833333333        3.26097458333333      -0.106617584214152     
   5.92740833333333        3.55724500000000      -0.100845656584154     
   5.92740833333333        3.85351541666667      -9.484718355142893E-002
   5.92740833333333        4.14978583333333      -8.880915191100387E-002
   5.92740833333333        4.44605625000000      -8.295884394679487E-002
   5.92740833333333        4.74232666666667      -7.746481373597323E-002
   5.92740833333333        5.03859708333333      -7.238609297700276E-002
   5.92740833333333        5.33486750000000      -6.767289553334770E-002
   5.92740833333333        5.63113791666667      -6.326554207435031E-002
   5.92740833333333        5.92740833333333      -5.920542719688132E-002
   5.92740833333333        6.22367875000000      -5.553531692911309E-002
   5.92740833333333        6.51994916666667      -5.226348679361965E-002
   5.92740833333333        6.81621958333333      -4.931058503831129E-002
   5.92740833333333        7.11249000000000      -4.649529552217489E-002
   6.22367875000000       2.000000000000000E-003 -0.146118266306652     
   6.22367875000000       0.298270416666667      -0.144544788708218     
   6.22367875000000       0.594540833333333      -0.140905385932235     
   6.22367875000000       0.890811250000000      -0.136492231489911     
   6.22367875000000        1.18708166666667      -0.131856928325832     
   6.22367875000000        1.48335208333333      -0.127219304476554     
   6.22367875000000        1.77962250000000      -0.122624003079390     
   6.22367875000000        2.07589291666667      -0.118015188346626     
   6.22367875000000        2.37216333333333      -0.113384315976564     
   6.22367875000000        2.66843375000000      -0.108725263128413     
   6.22367875000000        2.96470416666667      -0.103977718593959     
   6.22367875000000        3.26097458333333      -9.906725340543288E-002
   6.22367875000000        3.55724500000000      -9.395894329474000E-002
   6.22367875000000        3.85351541666667      -8.869913591228591E-002
   6.22367875000000        4.14978583333333      -8.341564163415494E-002
   6.22367875000000        4.44605625000000      -7.826994442845066E-002
   6.22367875000000        4.74232666666667      -7.338824202634554E-002
   6.22367875000000        5.03859708333333      -6.881009662773500E-002
   6.22367875000000        5.33486750000000      -6.448040420869347E-002
   6.22367875000000        5.63113791666667      -6.038409846897230E-002
   6.22367875000000        5.92740833333333      -5.656369556388228E-002
   6.22367875000000        6.22367875000000      -5.306069909763950E-002
   6.22367875000000        6.51994916666667      -4.993609955917175E-002
   6.22367875000000        6.81621958333333      -4.718765112527988E-002
   6.22367875000000        7.11249000000000      -4.460015712313789E-002
   6.51994916666667       2.000000000000000E-003 -0.136429305376449     
   6.51994916666667       0.298270416666667      -0.134405363405431     
   6.51994916666667       0.594540833333333      -0.130696703483501     
   6.51994916666667       0.890811250000000      -0.126514897912926     
   6.51994916666667        1.18708166666667      -0.122097756323353     
   6.51994916666667        1.48335208333333      -0.117715981321058     
   6.51994916666667        1.77962250000000      -0.113438912843149     
   6.51994916666667        2.07589291666667      -0.109214708120008     
   6.51994916666667        2.37216333333333      -0.104996808794326     
   6.51994916666667        2.66843375000000      -0.100783896424290     
   6.51994916666667        2.96470416666667      -9.653902842866775E-002
   6.51994916666667        3.26097458333333      -9.219938844785514E-002
   6.51994916666667        3.55724500000000      -8.772301026000573E-002
   6.51994916666667        3.85351541666667      -8.312676980758200E-002
   6.51994916666667        4.14978583333333      -7.849397347652523E-002
   6.51994916666667        4.44605625000000      -7.394213806239307E-002
   6.51994916666667        4.74232666666667      -6.956932706857973E-002
   6.51994916666667        5.03859708333333      -6.540998538197765E-002
   6.51994916666667        5.33486750000000      -6.143549826108410E-002
   6.51994916666667        5.63113791666667      -5.766255599539229E-002
   6.51994916666667        5.92740833333333      -5.410332073124101E-002
   6.51994916666667        6.22367875000000      -5.075826271974287E-002
   6.51994916666667        6.51994916666667      -4.769292798365417E-002
   6.51994916666667        6.81621958333333      -4.507450457558426E-002
   6.51994916666667        7.11249000000000      -4.272674875097694E-002
   6.81621958333333       2.000000000000000E-003 -0.128058048917819     
   6.81621958333333       0.298270416666667      -0.125528193002338     
   6.81621958333333       0.594540833333333      -0.122051382203175     
   6.81621958333333       0.890811250000000      -0.117755732518950     
   6.81621958333333        1.18708166666667      -0.113242028839278     
   6.81621958333333        1.48335208333333      -0.108929106937630     
   6.81621958333333        1.77962250000000      -0.104860346807548     
   6.81621958333333        2.07589291666667      -0.100968408157666     
   6.81621958333333        2.37216333333333      -9.717659648790294E-002
   6.81621958333333        2.66843375000000      -9.344008302114376E-002
   6.81621958333333        2.96470416666667      -8.971876859425126E-002
   6.81621958333333        3.26097458333333      -8.594274743996443E-002
   6.81621958333333        3.55724500000000      -8.205006021585030E-002
   6.81621958333333        3.85351541666667      -7.802745819401515E-002
   6.81621958333333        4.14978583333333      -7.392755145741096E-002
   6.81621958333333        4.44605625000000      -6.984465800807076E-002
   6.81621958333333        4.74232666666667      -6.587042120156017E-002
   6.81621958333333        5.03859708333333      -6.205882410851832E-002
   6.81621958333333        5.33486750000000      -5.842829419607080E-002
   6.81621958333333        5.63113791666667      -5.501239369472965E-002
   6.81621958333333        5.92740833333333      -5.180551031102322E-002
   6.81621958333333        6.22367875000000      -4.874984944014089E-002
   6.81621958333333        6.51994916666667      -4.581206943330668E-002
   6.81621958333333        6.81621958333333      -4.320295419679900E-002
   6.81621958333333        7.11249000000000      -4.114911556002660E-002
   7.11249000000000       2.000000000000000E-003 -0.118090064249185     
   7.11249000000000       0.298270416666667      -0.117311621426722     
   7.11249000000000       0.594540833333333      -0.113927297820527     
   7.11249000000000       0.890811250000000      -0.109332190792585     
   7.11249000000000        1.18708166666667      -0.104798367369389     
   7.11249000000000        1.48335208333333      -0.100637576819628     
   7.11249000000000        1.77962250000000      -9.682727680550689E-002
   7.11249000000000        2.07589291666667      -9.329190359878586E-002
   7.11249000000000        2.37216333333333      -8.995333773400506E-002
   7.11249000000000        2.66843375000000      -8.670258535777503E-002
   7.11249000000000        2.96470416666667      -8.348088044808245E-002
   7.11249000000000        3.26097458333333      -8.020537358270927E-002
   7.11249000000000        3.55724500000000      -7.679774608842869E-002
   7.11249000000000        3.85351541666667      -7.322720880078072E-002
   7.11249000000000        4.14978583333333      -6.953366407176867E-002
   7.11249000000000        4.44605625000000      -6.580706680459070E-002
   7.11249000000000        4.74232666666667      -6.214748128748018E-002
   7.11249000000000        5.03859708333333      -5.863669452418279E-002
   7.11249000000000        5.33486750000000      -5.533608454109092E-002
   7.11249000000000        5.63113791666667      -5.228767183194041E-002
   7.11249000000000        5.92740833333333      -4.949236385392834E-002
   7.11249000000000        6.22367875000000      -4.690719504142184E-002
   7.11249000000000        6.51994916666667      -4.447662887884428E-002
   7.11249000000000        6.81621958333333      -4.207163867693790E-002
   7.11249000000000        7.11249000000000      -3.921583596966832E-002
