  2.000000000000000E-003  2.000000000000000E-003 -0.218257043008433     
  2.000000000000000E-003  0.298270416666667      -0.215544292109893     
  2.000000000000000E-003  0.594540833333333      -0.206989085845089     
  2.000000000000000E-003  0.890811250000000      -0.194903826569899     
  2.000000000000000E-003   1.18708166666667      -0.182836732663819     
  2.000000000000000E-003   1.48335208333333      -0.171752527862692     
  2.000000000000000E-003   1.77962250000000      -0.161617777846837     
  2.000000000000000E-003   2.07589291666667      -0.152280959819919     
  2.000000000000000E-003   2.37216333333333      -0.143650482136337     
  2.000000000000000E-003   2.66843375000000      -0.135644268848314     
  2.000000000000000E-003   2.96470416666667      -0.128087160940426     
  2.000000000000000E-003   3.26097458333333      -0.120829868273926     
  2.000000000000000E-003   3.55724500000000      -0.113753230289414     
  2.000000000000000E-003   3.85351541666667      -0.106799232144156     
  2.000000000000000E-003   4.14978583333333      -0.100001362642169     
  2.000000000000000E-003   4.44605625000000      -9.346708796420852E-002
  2.000000000000000E-003   4.74232666666667      -8.733447212741342E-002
  2.000000000000000E-003   5.03859708333333      -8.172753731911517E-002
  2.000000000000000E-003   5.33486750000000      -7.672584874281510E-002
  2.000000000000000E-003   5.63113791666667      -7.237620465947173E-002
  2.000000000000000E-003   5.92740833333333      -6.869391812365690E-002
  2.000000000000000E-003   6.22367875000000      -6.560693656829140E-002
  2.000000000000000E-003   6.51994916666667      -6.278241582087322E-002
  2.000000000000000E-003   6.81621958333333      -5.930349034836503E-002
  2.000000000000000E-003   7.11249000000000      -5.501396270480502E-002
  0.298270416666667       2.000000000000000E-003 -0.238573806822172     
  0.298270416666667       0.298270416666667      -0.231445715126122     
  0.298270416666667       0.594540833333333      -0.222216778502661     
  0.298270416666667       0.890811250000000      -0.211011575659437     
  0.298270416666667        1.18708166666667      -0.198867489732799     
  0.298270416666667        1.48335208333333      -0.186943810673258     
  0.298270416666667        1.77962250000000      -0.175624994227570     
  0.298270416666667        2.07589291666667      -0.164981836963409     
  0.298270416666667        2.37216333333333      -0.155051656000157     
  0.298270416666667        2.66843375000000      -0.145837859001373     
  0.298270416666667        2.96470416666667      -0.137153937354063     
  0.298270416666667        3.26097458333333      -0.128853131343949     
  0.298270416666667        3.55724500000000      -0.120830563532814     
  0.298270416666667        3.85351541666667      -0.113040046421385     
  0.298270416666667        4.14978583333333      -0.105510930113429     
  0.298270416666667        4.44605625000000      -9.833336888221138E-002
  0.298270416666667        4.74232666666667      -9.162542673037016E-002
  0.298270416666667        5.03859708333333      -8.549781706143292E-002
  0.298270416666667        5.33486750000000      -8.000878636979221E-002
  0.298270416666667        5.63113791666667      -7.519032829849029E-002
  0.298270416666667        5.92740833333333      -7.103627597561847E-002
  0.298270416666667        6.22367875000000      -6.743345848179991E-002
  0.298270416666667        6.51994916666667      -6.400652006805553E-002
  0.298270416666667        6.81621958333333      -6.012202463593801E-002
  0.298270416666667        7.11249000000000      -5.655672278713119E-002
  0.594540833333333       2.000000000000000E-003 -0.255966510448396     
  0.594540833333333       0.298270416666667      -0.249652199934588     
  0.594540833333333       0.594540833333333      -0.238815973115917     
  0.594540833333333       0.890811250000000      -0.227398822605393     
  0.594540833333333        1.18708166666667      -0.215112643903360     
  0.594540833333333        1.48335208333333      -0.202458615385313     
  0.594540833333333        1.77962250000000      -0.190020576811455     
  0.594540833333333        2.07589291666667      -0.178117857557550     
  0.594540833333333        2.37216333333333      -0.166930451082386     
  0.594540833333333        2.66843375000000      -0.156473643829837     
  0.594540833333333        2.96470416666667      -0.146590224143571     
  0.594540833333333        3.26097458333333      -0.137155438750707     
  0.594540833333333        3.55724500000000      -0.128089182278276     
  0.594540833333333        3.85351541666667      -0.119368799058940     
  0.594540833333333        4.14978583333333      -0.111029124600563     
  0.594540833333333        4.44605625000000      -0.103144775105315     
  0.594540833333333        4.74232666666667      -9.580621771463735E-002
  0.594540833333333        5.03859708333333      -8.909523664119758E-002
  0.594540833333333        5.33486750000000      -8.305062681102937E-002
  0.594540833333333        5.63113791666667      -7.767031632574194E-002
  0.594540833333333        5.92740833333333      -7.292106193628022E-002
  0.594540833333333        6.22367875000000      -6.866239585544549E-002
  0.594540833333333        6.51994916666667      -6.459808848109970E-002
  0.594540833333333        6.81621958333333      -6.056277142858001E-002
  0.594540833333333        7.11249000000000      -5.710341672039224E-002
  0.890811250000000       2.000000000000000E-003 -0.274740334562904     
  0.890811250000000       0.298270416666667      -0.269989513563668     
  0.890811250000000       0.594540833333333      -0.259375897369655     
  0.890811250000000       0.890811250000000      -0.246778850652369     
  0.890811250000000        1.18708166666667      -0.233194825028525     
  0.890811250000000        1.48335208333333      -0.219147409931856     
  0.890811250000000        1.77962250000000      -0.205237503818866     
  0.890811250000000        2.07589291666667      -0.191917143360559     
  0.890811250000000        2.37216333333333      -0.179392826110479     
  0.890811250000000        2.66843375000000      -0.167620811878248     
  0.890811250000000        2.96470416666667      -0.156477244778592     
  0.890811250000000        3.26097458333333      -0.145842574814625     
  0.890811250000000        3.55724500000000      -0.135648805122499     
  0.890811250000000        3.85351541666667      -0.125901164114718     
  0.890811250000000        4.14978583333333      -0.116657939121117     
  0.890811250000000        4.44605625000000      -0.107990607446721     
  0.890811250000000        4.74232666666667      -9.995972060238395E-002
  0.890811250000000        5.03859708333333      -9.261055744751542E-002
  0.890811250000000        5.33486750000000      -8.596053322353223E-002
  0.890811250000000        5.63113791666667      -7.998702544673283E-002
  0.890811250000000        5.92740833333333      -7.465394283754540E-002
  0.890811250000000        6.22367875000000      -6.985189750084163E-002
  0.890811250000000        6.51994916666667      -6.541871670239233E-002
  0.890811250000000        6.81621958333333      -6.130668801073912E-002
  0.890811250000000        7.11249000000000      -5.762516207562546E-002
   1.18708166666667       2.000000000000000E-003 -0.297853898756932     
   1.18708166666667       0.298270416666667      -0.293838961783171     
   1.18708166666667       0.594540833333333      -0.283476320344712     
   1.18708166666667       0.890811250000000      -0.269568136146459     
   1.18708166666667        1.18708166666667      -0.253948896636717     
   1.18708166666667        1.48335208333333      -0.237739490241855     
   1.18708166666667        1.77962250000000      -0.221812923105460     
   1.18708166666667        2.07589291666667      -0.206738319040100     
   1.18708166666667        2.37216333333333      -0.192617188639344     
   1.18708166666667        2.66843375000000      -0.179399821787822     
   1.18708166666667        2.96470416666667      -0.166940881610410     
   1.18708166666667        3.26097458333333      -0.155062255004938     
   1.18708166666667        3.55724500000000      -0.143659165849298     
   1.18708166666667        3.85351541666667      -0.132763978849753     
   1.18708166666667        4.14978583333333      -0.122496340578400     
   1.18708166666667        4.44605625000000      -0.112953970444525     
   1.18708166666667        4.74232666666667      -0.104167378530446     
   1.18708166666667        5.03859708333333      -9.613348765239052E-002
   1.18708166666667        5.33486750000000      -8.884629931549859E-002
   1.18708166666667        5.63113791666667      -8.228725850748625E-002
   1.18708166666667        5.92740833333333      -7.642866663396884E-002
   1.18708166666667        6.22367875000000      -7.120128655245882E-002
   1.18708166666667        6.51994916666667      -6.649077057712206E-002
   1.18708166666667        6.81621958333333      -6.219779636297968E-002
   1.18708166666667        7.11249000000000      -5.823307300395088E-002
   1.48335208333333       2.000000000000000E-003 -0.325839727671453     
   1.48335208333333       0.298270416666667      -0.321926013081774     
   1.48335208333333       0.594540833333333      -0.311102171843890     
   1.48335208333333       0.890811250000000      -0.295604925742922     
   1.48335208333333        1.18708166666667      -0.277499120436180     
   1.48335208333333        1.48335208333333      -0.258555312330249     
   1.48335208333333        1.77962250000000      -0.240124830128158     
   1.48335208333333        2.07589291666667      -0.222805945002810     
   1.48335208333333        2.37216333333333      -0.206748878972322     
   1.48335208333333        2.66843375000000      -0.191935343996573     
   1.48335208333333        2.96470416666667      -0.178139294238764     
   1.48335208333333        3.26097458333333      -0.165001643083913     
   1.48335208333333        3.55724500000000      -0.152295677092382     
   1.48335208333333        3.85351541666667      -0.140072209062395     
   1.48335208333333        4.14978583333333      -0.128582671987317     
   1.48335208333333        4.44605625000000      -0.118050375239527     
   1.48335208333333        4.74232666666667      -0.108453745917423     
   1.48335208333333        5.03859708333333      -9.970408074361643E-002
   1.48335208333333        5.33486750000000      -9.176057265087295E-002
   1.48335208333333        5.63113791666667      -8.462203611260816E-002
   1.48335208333333        5.92740833333333      -7.827357406169647E-002
   1.48335208333333        6.22367875000000      -7.266873325788757E-002
   1.48335208333333        6.51994916666667      -6.768408326773608E-002
   1.48335208333333        6.81621958333333      -6.315157894408602E-002
   1.48335208333333        7.11249000000000      -5.891413802339104E-002
   1.77962250000000       2.000000000000000E-003 -0.358011522681222     
   1.77962250000000       0.298270416666667      -0.353898104745824     
   1.77962250000000       0.594540833333333      -0.342013017358772     
   1.77962250000000       0.890811250000000      -0.324433500179447     
   1.77962250000000        1.18708166666667      -0.303514052407686     
   1.77962250000000        1.48335208333333      -0.281533049437250     
   1.77962250000000        1.77962250000000      -0.260165952143323     
   1.77962250000000        2.07589291666667      -0.240138281927522     
   1.77962250000000        2.37216333333333      -0.221837915037560     
   1.77962250000000        2.66843375000000      -0.205270093604288     
   1.77962250000000        2.96470416666667      -0.190055159771652     
   1.77962250000000        3.26097458333333      -0.175655380066442     
   1.77962250000000        3.55724500000000      -0.161640223459111     
   1.77962250000000        3.85351541666667      -0.148010584174904     
   1.77962250000000        4.14978583333333      -0.135117309876764     
   1.77962250000000        4.44605625000000      -0.123334103872432     
   1.77962250000000        4.74232666666667      -0.112774909283995     
   1.77962250000000        5.03859708333333      -0.103293519816454     
   1.77962250000000        5.33486750000000      -9.468203088413921E-002
   1.77962250000000        5.63113791666667      -8.695252730187758E-002
   1.77962250000000        5.92740833333333      -8.012932058201364E-002
   1.77962250000000        6.22367875000000      -7.416357551778860E-002
   1.77962250000000        6.51994916666667      -6.890443346033735E-002
   1.77962250000000        6.81621958333333      -6.413622843681090E-002
   1.77962250000000        7.11249000000000      -5.966393576081056E-002
   2.07589291666667       2.000000000000000E-003 -0.393110401694024     
   2.07589291666667       0.298270416666667      -0.388384310851382     
   2.07589291666667       0.594540833333333      -0.375185408599768     
   2.07589291666667       0.890811250000000      -0.355215147938792     
   2.07589291666667        1.18708166666667      -0.331464693268283     
   2.07589291666667        1.48335208333333      -0.306262036500258     
   2.07589291666667        1.77962250000000      -0.281549118146263     
   2.07589291666667        2.07589291666667      -0.258586832936888     
   2.07589291666667        2.37216333333333      -0.237780846751541     
   2.07589291666667        2.66843375000000      -0.219195802380910     
   2.07589291666667        2.96470416666667      -0.202509734155805     
   2.07589291666667        3.26097458333333      -0.186989468235341     
   2.07589291666667        3.55724500000000      -0.171787378182101     
   2.07589291666667        3.85351541666667      -0.156672639638860     
   2.07589291666667        4.14978583333333      -0.142195655689818     
   2.07589291666667        4.44605625000000      -0.128977670343027     
   2.07589291666667        4.74232666666667      -0.117223107304663     
   2.07589291666667        5.03859708333333      -0.106827961796662     
   2.07589291666667        5.33486750000000      -9.753599132365787E-002
   2.07589291666667        5.63113791666667      -8.921335178308488E-002
   2.07589291666667        5.92740833333333      -8.190729275763904E-002
   2.07589291666667        6.22367875000000      -7.558599278907910E-002
   2.07589291666667        6.51994916666667      -7.007320760585208E-002
   2.07589291666667        6.81621958333333      -6.510662045596881E-002
   2.07589291666667        7.11249000000000      -6.044968831337588E-002
   2.37216333333333       2.000000000000000E-003 -0.429671330923046     
   2.37216333333333       0.298270416666667      -0.424566965480812     
   2.37216333333333       0.594540833333333      -0.409905637616102     
   2.37216333333333       0.890811250000000      -0.387607299593437     
   2.37216333333333        1.18708166666667      -0.360428279186178     
   2.37216333333333        1.48335208333333      -0.331479616357813     
   2.37216333333333        1.77962250000000      -0.303546159114481     
   2.37216333333333        2.07589291666667      -0.277548675604208     
   2.37216333333333        2.37216333333333      -0.254005377265216     
   2.37216333333333        2.66843375000000      -0.233258139472709     
   2.37216333333333        2.96470416666667      -0.215180996507741     
   2.37216333333333        3.26097458333333      -0.198936051430599     
   2.37216333333333        3.55724500000000      -0.182889061331959     
   2.37216333333333        3.85351541666667      -0.166201146770940     
   2.37216333333333        4.14978583333333      -0.149871755833424     
   2.37216333333333        4.44605625000000      -0.134987426292655     
   2.37216333333333        4.74232666666667      -0.121784705294698     
   2.37216333333333        5.03859708333333      -0.110226015346074     
   2.37216333333333        5.33486750000000      -0.100176898879195     
   2.37216333333333        5.63113791666667      -9.130775455483221E-002
   2.37216333333333        5.92740833333333      -8.354518482347802E-002
   2.37216333333333        6.22367875000000      -7.687496630884999E-002
   2.37216333333333        6.51994916666667      -7.112507906739803E-002
   2.37216333333333        6.81621958333333      -6.599785559553745E-002
   2.37216333333333        7.11249000000000      -6.121572330947199E-002
   2.66843375000000       2.000000000000000E-003 -0.466840319495800     
   2.66843375000000       0.298270416666667      -0.461029074263739     
   2.66843375000000       0.594540833333333      -0.444246389339365     
   2.66843375000000       0.890811250000000      -0.418650869891125     
   2.66843375000000        1.18708166666667      -0.387616135882909     
   2.66843375000000        1.48335208333333      -0.355248487461534     
   2.66843375000000        1.77962250000000      -0.324489939157242     
   2.66843375000000        2.07589291666667      -0.295672870767503     
   2.66843375000000        2.37216333333333      -0.269639938150324     
   2.66843375000000        2.66843375000000      -0.246855895733771     
   2.66843375000000        2.96470416666667      -0.227484801270449     
   2.66843375000000        3.26097458333333      -0.211105932488111     
   2.66843375000000        3.55724500000000      -0.194977900172772     
   2.66843375000000        3.85351541666667      -0.176648055988897     
   2.66843375000000        4.14978583333333      -0.158287133825501     
   2.66843375000000        4.44605625000000      -0.141526947950713     
   2.66843375000000        4.74232666666667      -0.126484917509907     
   2.66843375000000        5.03859708333333      -0.113407336922732     
   2.66843375000000        5.33486750000000      -0.102405514426450     
   2.66843375000000        5.63113791666667      -9.308640098919736E-002
   2.66843375000000        5.92740833333333      -8.496688173527726E-002
   2.66843375000000        6.22367875000000      -7.800009835136015E-002
   2.66843375000000        6.51994916666667      -7.203901506793060E-002
   2.66843375000000        6.81621958333333      -6.677740676816951E-002
   2.66843375000000        7.11249000000000      -6.190358061745801E-002
   2.96470416666667       2.000000000000000E-003 -0.498512415208528     
   2.96470416666667       0.298270416666667      -0.491917732606989     
   2.96470416666667       0.594540833333333      -0.472956768670734     
   2.96470416666667       0.890811250000000      -0.444253726025119     
   2.96470416666667        1.18708166666667      -0.409924197386891     
   2.96470416666667        1.48335208333333      -0.375246778385090     
   2.96470416666667        1.77962250000000      -0.342068869957146     
   2.96470416666667        2.07589291666667      -0.311180325297143     
   2.96470416666667        2.37216333333333      -0.283560774852106     
   2.96470416666667        2.66843375000000      -0.259470357323320     
   2.96470416666667        2.96470416666667      -0.238915528653752     
   2.96470416666667        3.26097458333333      -0.222328425706584     
   2.96470416666667        3.55724500000000      -0.207081144510693     
   2.96470416666667        3.85351541666667      -0.187458706012213     
   2.96470416666667        4.14978583333333      -0.167786026550480     
   2.96470416666667        4.44605625000000      -0.148911711194897     
   2.96470416666667        4.74232666666667      -0.131315339752506     
   2.96470416666667        5.03859708333333      -0.116273135338046     
   2.96470416666667        5.33486750000000      -0.104133108480816     
   2.96470416666667        5.63113791666667      -9.438262898138279E-002
   2.96470416666667        5.92740833333333      -8.606724764138206E-002
   2.96470416666667        6.22367875000000      -7.889452759119712E-002
   2.96470416666667        6.51994916666667      -7.277308579232825E-002
   2.96470416666667        6.81621958333333      -6.740729063464398E-002
   2.96470416666667        7.11249000000000      -6.246561603366800E-002
   3.26097458333333       2.000000000000000E-003 -0.519803949312923     
   3.26097458333333       0.298270416666667      -0.512557590948422     
   3.26097458333333       0.594540833333333      -0.491937092159267     
   3.26097458333333       0.890811250000000      -0.461052016942563     
   3.26097458333333        1.18708166666667      -0.424598620622747     
   3.26097458333333        1.48335208333333      -0.388444323588458     
   3.26097458333333        1.77962250000000      -0.353951053340455     
   3.26097458333333        2.07589291666667      -0.321993718254531     
   3.26097458333333        2.37216333333333      -0.293929673533948     
   3.26097458333333        2.66843375000000      -0.270096263923148     
   3.26097458333333        2.96470416666667      -0.249769433600255     
   3.26097458333333        3.26097458333333      -0.231560711251265     
   3.26097458333333        3.55724500000000      -0.215620449299727     
   3.26097458333333        3.85351541666667      -0.197492235275438     
   3.26097458333333        4.14978583333333      -0.178769577035325     
   3.26097458333333        4.44605625000000      -0.156567093354954     
   3.26097458333333        4.74232666666667      -0.135591454747880     
   3.26097458333333        5.03859708333333      -0.118454459643222     
   3.26097458333333        5.33486750000000      -0.105262582804136     
   3.26097458333333        5.63113791666667      -9.514111350806645E-002
   3.26097458333333        5.92740833333333      -8.675698538082412E-002
   3.26097458333333        6.22367875000000      -7.947600786343452E-002
   3.26097458333333        6.51994916666667      -7.325738471861488E-002
   3.26097458333333        6.81621958333333      -6.782503939701129E-002
   3.26097458333333        7.11249000000000      -6.283983049576339E-002
   3.55724500000000       2.000000000000000E-003 -0.527380575072631     
   3.55724500000000       0.298270416666667      -0.519848539568244     
   3.55724500000000       0.594540833333333      -0.498570078636689     
   3.55724500000000       0.890811250000000      -0.466889805864109     
   3.55724500000000        1.18708166666667      -0.429716229565522     
   3.55724500000000        1.48335208333333      -0.393175134548458     
   3.55724500000000        1.77962250000000      -0.358058372127585     
   3.55724500000000        2.07589291666667      -0.325894375549133     
   3.55724500000000        2.37216333333333      -0.297914274609001     
   3.55724500000000        2.66843375000000      -0.274810777454753     
   3.55724500000000        2.96470416666667      -0.256046674483317     
   3.55724500000000        3.26097458333333      -0.238644455180682     
   3.55724500000000        3.55724500000000      -0.218309523752497     
   3.55724500000000        3.85351541666667      -0.204212570513320     
   3.55724500000000        4.14978583333333      -0.185575436241238     
   3.55724500000000        4.44605625000000      -0.160401921214372     
   3.55724500000000        4.74232666666667      -0.137448335951288     
   3.55724500000000        5.03859708333333      -0.119317335195921     
   3.55724500000000        5.33486750000000      -0.105682906434552     
   3.55724500000000        5.63113791666667      -9.539278971315844E-002
   3.55724500000000        5.92740833333333      -8.699397654918191E-002
   3.55724500000000        6.22367875000000      -7.968185571713617E-002
   3.55724500000000        6.51994916666667      -7.343118369694847E-002
   3.55724500000000        6.81621958333333      -6.797576521715878E-002
   3.55724500000000        7.11249000000000      -6.297507288526816E-002
   3.85351541666667       2.000000000000000E-003 -0.519805979133638     
   3.85351541666667       0.298270416666667      -0.512555345143956     
   3.85351541666667       0.594540833333333      -0.491931124932269     
   3.85351541666667       0.890811250000000      -0.461043021337719     
   3.85351541666667        1.18708166666667      -0.424587299793064     
   3.85351541666667        1.48335208333333      -0.388430392304109     
   3.85351541666667        1.77962250000000      -0.353933107845186     
   3.85351541666667        2.07589291666667      -0.321969475738877     
   3.85351541666667        2.37216333333333      -0.293894818147079     
   3.85351541666667        2.66843375000000      -0.270043176020768     
   3.85351541666667        2.96470416666667      -0.249691161509824     
   3.85351541666667        3.26097458333333      -0.231480036134016     
   3.85351541666667        3.55724500000000      -0.215604697975243     
   3.85351541666667        3.85351541666667      -0.197558549794855     
   3.85351541666667        4.14978583333333      -0.178853079069979     
   3.85351541666667        4.44605625000000      -0.156623935702524     
   3.85351541666667        4.74232666666667      -0.135625775334831     
   3.85351541666667        5.03859708333333      -0.118476208111956     
   3.85351541666667        5.33486750000000      -0.105278156807929     
   3.85351541666667        5.63113791666667      -9.515430118778652E-002
   3.85351541666667        5.92740833333333      -8.676999279675851E-002
   3.85351541666667        6.22367875000000      -7.948925534020579E-002
   3.85351541666667        6.51994916666667      -7.327083888956459E-002
   3.85351541666667        6.81621958333333      -6.783839340478867E-002
   3.85351541666667        7.11249000000000      -6.285261392370041E-002
   4.14978583333333       2.000000000000000E-003 -0.498515999793216     
   4.14978583333333       0.298270416666667      -0.491913468621364     
   4.14978583333333       0.594540833333333      -0.472945516399269     
   4.14978583333333       0.890811250000000      -0.444236983077057     
   4.14978583333333        1.18708166666667      -0.409903322767398     
   4.14978583333333        1.48335208333333      -0.375221787754940     
   4.14978583333333        1.77962250000000      -0.342037965592089     
   4.14978583333333        2.07589291666667      -0.311140855890997     
   4.14978583333333        2.37216333333333      -0.283508806053415     
   4.14978583333333        2.66843375000000      -0.259401214181500     
   4.14978583333333        2.96470416666667      -0.238830099933214     
   4.14978583333333        3.26097458333333      -0.222249681339977     
   4.14978583333333        3.55724500000000      -0.207053968148141     
   4.14978583333333        3.85351541666667      -0.187506923195372     
   4.14978583333333        4.14978583333333      -0.167869021180400     
   4.14978583333333        4.44605625000000      -0.148983882284845     
   4.14978583333333        4.74232666666667      -0.131367212204246     
   4.14978583333333        5.03859708333333      -0.116310147940716     
   4.14978583333333        5.33486750000000      -0.104161750420099     
   4.14978583333333        5.63113791666667      -9.440799656165709E-002
   4.14978583333333        5.92740833333333      -8.609248280582175E-002
   4.14978583333333        6.22367875000000      -7.892019725217800E-002
   4.14978583333333        6.51994916666667      -7.279912204976542E-002
   4.14978583333333        6.81621958333333      -6.743308741973371E-002
   4.14978583333333        7.11249000000000      -6.249025592182472E-002
   4.44605625000000       2.000000000000000E-003 -0.466844930275809     
   4.44605625000000       0.298270416666667      -0.461023039432952     
   4.44605625000000       0.594540833333333      -0.444230976174596     
   4.44605625000000       0.890811250000000      -0.418628225713718     
   4.44605625000000        1.18708166666667      -0.387588397230173     
   4.44605625000000        1.48335208333333      -0.355216611120309     
   4.44605625000000        1.77962250000000      -0.324452784406816     
   4.44605625000000        2.07589291666667      -0.295628908820962     
   4.44605625000000        2.37216333333333      -0.269588361526714     
   4.44605625000000        2.66843375000000      -0.246797516142491     
   4.44605625000000        2.96470416666667      -0.227425322639666     
   4.44605625000000        3.26097458333333      -0.211060060423974     
   4.44605625000000        3.55724500000000      -0.194966240977921     
   4.44605625000000        3.85351541666667      -0.176681294792883     
   4.44605625000000        4.14978583333333      -0.158349133284229     
   4.44605625000000        4.44605625000000      -0.141592080090277     
   4.44605625000000        4.74232666666667      -0.126540753623359     
   4.44605625000000        5.03859708333333      -0.113452884361730     
   4.44605625000000        5.33486750000000      -0.102444138795865     
   4.44605625000000        5.63113791666667      -9.312254635782181E-002
   4.44605625000000        5.92740833333333      -8.500295486261217E-002
   4.44605625000000        6.22367875000000      -7.803677723454711E-002
   4.44605625000000        6.51994916666667      -7.207616821563384E-002
   4.44605625000000        6.81621958333333      -6.681413192896023E-002
   4.44605625000000        7.11249000000000      -6.193851321710228E-002
   4.74232666666667       2.000000000000000E-003 -0.429676245623733     
   4.74232666666667       0.298270416666667      -0.424559168021422     
   4.74232666666667       0.594540833333333      -0.409886860738802     
   4.74232666666667       0.890811250000000      -0.387580487746499     
   4.74232666666667        1.18708166666667      -0.360396306401702     
   4.74232666666667        1.48335208333333      -0.331444444579380     
   4.74232666666667        1.77962250000000      -0.303508046104733     
   4.74232666666667        2.07589291666667      -0.277507348882100     
   4.74232666666667        2.37216333333333      -0.253962171200344     
   4.74232666666667        2.66843375000000      -0.233216534754956     
   4.74232666666667        2.96470416666667      -0.215147056267740     
   4.74232666666667        3.26097458333333      -0.198918006132698     
   4.74232666666667        3.55724500000000      -0.182894891008351     
   4.74232666666667        3.85351541666667      -0.166233496243354     
   4.74232666666667        4.14978583333333      -0.149923352729922     
   4.74232666666667        4.44605625000000      -0.135045762941757     
   4.74232666666667        4.74232666666667      -0.121840741051316     
   4.74232666666667        5.03859708333333      -0.110276662683195     
   4.74232666666667        5.33486750000000      -0.100223309004643     
   4.74232666666667        5.63113791666667      -9.135281305971917E-002
   4.74232666666667        5.92740833333333      -8.359035462526479E-002
   4.74232666666667        6.22367875000000      -7.692095008651502E-002
   4.74232666666667        6.51994916666667      -7.117167164405282E-002
   4.74232666666667        6.81621958333333      -6.604384038950895E-002
   4.74232666666667        7.11249000000000      -6.125918719291545E-002
   5.03859708333333       2.000000000000000E-003 -0.393115047768344     
   5.03859708333333       0.298270416666667      -0.388373903474322     
   5.03859708333333       0.594540833333333      -0.375162786414625     
   5.03859708333333       0.890811250000000      -0.355184637327726     
   5.03859708333333        1.18708166666667      -0.331430062712924     
   5.03859708333333        1.48335208333333      -0.306225884450383     
   5.03859708333333        1.77962250000000      -0.281512766213912     
   5.03859708333333        2.07589291666667      -0.258550918034065     
   5.03859708333333        2.37216333333333      -0.237747176788957     
   5.03859708333333        2.66843375000000      -0.219168116491852     
   5.03859708333333        2.96470416666667      -0.202492920145034     
   5.03859708333333        3.26097458333333      -0.186988207394179     
   5.03859708333333        3.55724500000000      -0.171804636949415     
   5.03859708333333        3.85351541666667      -0.156708105325350     
   5.03859708333333        4.14978583333333      -0.142244836082447     
   5.03859708333333        4.44605625000000      -0.129033673616253     
   5.03859708333333        4.74232666666667      -0.117279912497887     
   5.03859708333333        5.03859708333333      -0.106882623831154     
   5.03859708333333        5.33486750000000      -9.758873709775363E-002
   5.03859708333333        5.63113791666667      -8.926534519004110E-002
   5.03859708333333        5.92740833333333      -8.195959288524898E-002
   5.03859708333333        6.22367875000000      -7.563935119704451E-002
   5.03859708333333        6.51994916666667      -7.012753149427337E-002
   5.03859708333333        6.81621958333333      -6.516034515479342E-002
   5.03859708333333        7.11249000000000      -6.049994741669504E-002
   5.33486750000000       2.000000000000000E-003 -0.358015395023955     
   5.33486750000000       0.298270416666667      -0.353883314960725     
   5.33486750000000       0.594540833333333      -0.341984403476256     
   5.33486750000000       0.890811250000000      -0.324397808592802     
   5.33486750000000        1.18708166666667      -0.303476763448949     
   5.33486750000000        1.48335208333333      -0.281497013137185     
   5.33486750000000        1.77962250000000      -0.260132320225509     
   5.33486750000000        2.07589291666667      -0.240107989356767     
   5.33486750000000        2.37216333333333      -0.221812500437183     
   5.33486750000000        2.66843375000000      -0.205252417128985     
   5.33486750000000        2.96470416666667      -0.190048788677339     
   5.33486750000000        3.26097458333333      -0.175663319813799     
   5.33486750000000        3.55724500000000      -0.161663769800236     
   5.33486750000000        3.85351541666667      -0.148048737901546     
   5.33486750000000        4.14978583333333      -0.135166682282386     
   5.33486750000000        4.44605625000000      -0.123390051240430     
   5.33486750000000        4.74232666666667      -0.112833162732129     
   5.33486750000000        5.03859708333333      -0.103351680650998     
   5.33486750000000        5.33486750000000      -9.473950258347380E-002
   5.33486750000000        5.63113791666667      -8.700943592282891E-002
   5.33486750000000        5.92740833333333      -8.018627535858186E-002
   5.33486750000000        6.22367875000000      -7.422187038181052E-002
   5.33486750000000        6.51994916666667      -6.896463263985363E-002
   5.33486750000000        6.81621958333333      -6.419634615826532E-002
   5.33486750000000        7.11249000000000      -5.971935753122354E-002
   5.63113791666667       2.000000000000000E-003 -0.325842180211031     
   5.63113791666667       0.298270416666667      -0.321903874934016     
   5.63113791666667       0.594540833333333      -0.311064428263247     
   5.63113791666667       0.890811250000000      -0.295562247335814     
   5.63113791666667        1.18708166666667      -0.277458623605148     
   5.63113791666667        1.48335208333333      -0.258519819462243     
   5.63113791666667        1.77962250000000      -0.240094682252773     
   5.63113791666667        2.07589291666667      -0.222781133337821     
   5.63113791666667        2.37216333333333      -0.206730356899059     
   5.63113791666667        2.66843375000000      -0.191925055423178     
   5.63113791666667        2.96470416666667      -0.178139691214005     
   5.63113791666667        3.26097458333333      -0.165014861281932     
   5.63113791666667        3.55724500000000      -0.152322544773169     
   5.63113791666667        3.85351541666667      -0.140111759085303     
   5.63113791666667        4.14978583333333      -0.128632353157453     
   5.63113791666667        4.44605625000000      -0.118106653336122     
   5.63113791666667        4.74232666666667      -0.108513562051114     
   5.63113791666667        5.03859708333333      -9.976516331783580E-002
   5.63113791666667        5.33486750000000      -9.182141924114508E-002
   5.63113791666667        5.63113791666667      -8.468169189208470E-002
   5.63113791666667        5.92740833333333      -7.833255306970761E-002
   5.63113791666667        6.22367875000000      -7.272921198146395E-002
   5.63113791666667        6.51994916666667      -6.774835653435381E-002
   5.63113791666667        6.81621958333333      -6.321791277366319E-002
   5.63113791666667        7.11249000000000      -5.897462241095438E-002
   5.92740833333333       2.000000000000000E-003 -0.297854644801986     
   5.92740833333333       0.298270416666667      -0.293804936337593     
   5.92740833333333       0.594540833333333      -0.283425325709659     
   5.92740833333333       0.890811250000000      -0.269517470264336     
   5.92740833333333        1.18708166666667      -0.253906343441072     
   5.92740833333333        1.48335208333333      -0.237706198288599     
   5.92740833333333        1.77962250000000      -0.221787679396848     
   5.92740833333333        2.07589291666667      -0.206719849197580     
   5.92740833333333        2.37216333333333      -0.192605424587475     
   5.92740833333333        2.66843375000000      -0.179395979951561     
   5.92740833333333        2.96470416666667      -0.166946719372047     
   5.92740833333333        3.26097458333333      -0.155079332523381     
   5.92740833333333        3.55724500000000      -0.143688199847614     
   5.92740833333333        3.85351541666667      -0.132804402327204     
   5.92740833333333        4.14978583333333      -0.122546372560504     
   5.92740833333333        4.44605625000000      -0.113011083912421     
   5.92740833333333        4.74232666666667      -0.104228903230802     
   5.92740833333333        5.03859708333333      -9.619700846044202E-002
   5.92740833333333        5.33486750000000      -8.890954804579509E-002
   5.92740833333333        5.63113791666667      -8.234831063642617E-002
   5.92740833333333        5.92740833333333      -7.648723081621428E-002
   5.92740833333333        6.22367875000000      -7.126015088296769E-002
   5.92740833333333        6.51994916666667      -6.655582784094034E-002
   5.92740833333333        6.81621958333333      -6.227071580087085E-002
   5.92740833333333        7.11249000000000      -5.830027105282934E-002
   6.22367875000000       2.000000000000000E-003 -0.274739405974816     
   6.22367875000000       0.298270416666667      -0.269936142416229     
   6.22367875000000       0.594540833333333      -0.259307114649564     
   6.22367875000000       0.890811250000000      -0.246720957432682     
   6.22367875000000        1.18708166666667      -0.233153611916344     
   6.22367875000000        1.48335208333333      -0.219119959467852     
   6.22367875000000        1.77962250000000      -0.205219923780979     
   6.22367875000000        2.07589291666667      -0.191906881562867     
   6.22367875000000        2.37216333333333      -0.179388975965266     
   6.22367875000000        2.66843375000000      -0.167623997754981     
   6.22367875000000        2.96470416666667      -0.156488773461831     
   6.22367875000000        3.26097458333333      -0.145863765258396     
   6.22367875000000        3.55724500000000      -0.135680418309001     
   6.22367875000000        3.85351541666667      -0.125943020636314     
   6.22367875000000        4.14978583333333      -0.116708856325891     
   6.22367875000000        4.44605625000000      -0.108048660317376     
   6.22367875000000        4.74232666666667      -0.100022678617191     
   6.22367875000000        5.03859708333333      -9.267617077466156E-002
   6.22367875000000        5.33486750000000      -8.602614107563387E-002
   6.22367875000000        5.63113791666667      -8.004950996670765E-002
   6.22367875000000        5.92740833333333      -7.471085187429606E-002
   6.22367875000000        6.22367875000000      -6.990442407184706E-002
   6.22367875000000        6.51994916666667      -6.547735556830861E-002
   6.22367875000000        6.81621958333333      -6.138471109140529E-002
   6.22367875000000        7.11249000000000      -5.770220488238777E-002
   6.51994916666667       2.000000000000000E-003 -0.255964346766772     
   6.51994916666667       0.298270416666667      -0.249572965969232     
   6.51994916666667       0.594540833333333      -0.238730455693211     
   6.51994916666667       0.890811250000000      -0.227339456671491     
   6.51994916666667        1.18708166666667      -0.215078812726730     
   6.51994916666667        1.48335208333333      -0.202441872154618     
   6.51994916666667        1.77962250000000      -0.190014224250938     
   6.51994916666667        2.07589291666667      -0.178118229339168     
   6.51994916666667        2.37216333333333      -0.166936254894848     
   6.51994916666667        2.66843375000000      -0.156485150250683     
   6.51994916666667        2.96470416666667      -0.146608436772646     
   6.51994916666667        3.26097458333333      -0.137181520198854     
   6.51994916666667        3.55724500000000      -0.128123954518637     
   6.51994916666667        3.85351541666667      -0.119412409803107     
   6.51994916666667        4.14978583333333      -0.111080916323094     
   6.51994916666667        4.44605625000000      -0.103203426609943     
   6.51994916666667        4.74232666666667      -9.587010390136749E-002
   6.51994916666667        5.03859708333333      -8.916270018399237E-002
   6.51994916666667        5.33486750000000      -8.311913219189158E-002
   6.51994916666667        5.63113791666667      -7.773612190453293E-002
   6.51994916666667        5.92740833333333      -7.297909625977256E-002
   6.51994916666667        6.22367875000000      -6.870853525727784E-002
   6.51994916666667        6.51994916666667      -6.464101130450563E-002
   6.51994916666667        6.81621958333333      -6.063750481782980E-002
   6.51994916666667        7.11249000000000      -5.719482616499345E-002
   6.81621958333333       2.000000000000000E-003 -0.238571459371749     
   6.81621958333333       0.298270416666667      -0.231363492967030     
   6.81621958333333       0.594540833333333      -0.222137318114176     
   6.81621958333333       0.890811250000000      -0.210965375802931     
   6.81621958333333        1.18708166666667      -0.198849304791892     
   6.81621958333333        1.48335208333333      -0.186942486849892     
   6.81621958333333        1.77962250000000      -0.175632891451336     
   6.81621958333333        2.07589291666667      -0.164994985362398     
   6.81621958333333        2.37216333333333      -0.155068670586210     
   6.81621958333333        2.66843375000000      -0.145858994844877     
   6.81621958333333        2.96470416666667      -0.137179984698137     
   6.81621958333333        3.26097458333333      -0.128885045801887     
   6.81621958333333        3.55724500000000      -0.120869172874757     
   6.81621958333333        3.85351541666667      -0.113085760425670     
   6.81621958333333        4.14978583333333      -0.105563577078008     
   6.81621958333333        4.44605625000000      -9.839224102621306E-002
   6.81621958333333        4.74232666666667      -9.168959204110975E-002
   6.81621958333333        5.03859708333333      -8.556644295328288E-002
   6.81621958333333        5.33486750000000      -8.008009876078329E-002
   6.81621958333333        5.63113791666667      -7.526123649392880E-002
   6.81621958333333        5.92740833333333      -7.110172279788811E-002
   6.81621958333333        6.22367875000000      -6.748633828293855E-002
   6.81621958333333        6.51994916666667      -6.404572887680919E-002
   6.81621958333333        6.81621958333333      -6.018420490353477E-002
   6.81621958333333        7.11249000000000      -5.666288518603347E-002
   7.11249000000000       2.000000000000000E-003 -0.218255830814662     
   7.11249000000000       0.298270416666667      -0.215526471187414     
   7.11249000000000       0.594540833333333      -0.206960501132460     
   7.11249000000000       0.890811250000000      -0.194891496630761     
   7.11249000000000        1.18708166666667      -0.182842288680466     
   7.11249000000000        1.48335208333333      -0.171769670623399     
   7.11249000000000        1.77962250000000      -0.161641253811543     
   7.11249000000000        2.07589291666667      -0.152307740284766     
   7.11249000000000        2.37216333333333      -0.143679421904272     
   7.11249000000000        2.66843375000000      -0.135675793932604     
   7.11249000000000        2.96470416666667      -0.128121853847486     
   7.11249000000000        3.26097458333333      -0.120868433754597     
   7.11249000000000        3.55724500000000      -0.113796396689330     
   7.11249000000000        3.85351541666667      -0.106847555135857     
   7.11249000000000        4.14978583333333      -0.100055040136789     
   7.11249000000000        4.44605625000000      -9.352594838883635E-002
   7.11249000000000        4.74232666666667      -8.739816955181909E-002
   7.11249000000000        5.03859708333333      -8.179587899035713E-002
   7.11249000000000        5.33486750000000      -7.679769138840108E-002
   7.11249000000000        5.63113791666667      -7.244944620481715E-002
   7.11249000000000        5.92740833333333      -6.876499176592700E-002
   7.11249000000000        6.22367875000000      -6.567132465906239E-002
   7.11249000000000        6.51994916666667      -6.284140749057494E-002
   7.11249000000000        6.81621958333333      -5.938041926673768E-002
   7.11249000000000        7.11249000000000      -5.511630217418504E-002
