  2.000000000000000E-003  2.000000000000000E-003 -0.136893898566861     
  2.000000000000000E-003  0.298270416666667      -0.145344388338634     
  2.000000000000000E-003  0.594540833333333      -0.151910245356493     
  2.000000000000000E-003  0.890811250000000      -0.158526586065913     
  2.000000000000000E-003   1.18708166666667      -0.165887863360130     
  2.000000000000000E-003   1.48335208333333      -0.174019087531833     
  2.000000000000000E-003   1.77962250000000      -0.182742209242877     
  2.000000000000000E-003   2.07589291666667      -0.191598546721370     
  2.000000000000000E-003   2.37216333333333      -0.199948890066277     
  2.000000000000000E-003   2.66843375000000      -0.207263194447890     
  2.000000000000000E-003   2.96470416666667      -0.213124637672544     
  2.000000000000000E-003   3.26097458333333      -0.216969819143924     
  2.000000000000000E-003   3.55724500000000      -0.218309199909164     
  2.000000000000000E-003   3.85351541666667      -0.216952258650412     
  2.000000000000000E-003   4.14978583333333      -0.213091123955587     
  2.000000000000000E-003   4.44605625000000      -0.207216436298560     
  2.000000000000000E-003   4.74232666666667      -0.199892173245159     
  2.000000000000000E-003   5.03859708333333      -0.191536569849605     
  2.000000000000000E-003   5.33486750000000      -0.182679003528727     
  2.000000000000000E-003   5.63113791666667      -0.173954079834465     
  2.000000000000000E-003   5.92740833333333      -0.165816286051659     
  2.000000000000000E-003   6.22367875000000      -0.158439220661133     
  2.000000000000000E-003   6.51994916666667      -0.151781406445283     
  2.000000000000000E-003   6.81621958333333      -0.145126200593497     
  2.000000000000000E-003   7.11249000000000      -0.136639137316738     
  0.298270416666667       2.000000000000000E-003 -0.145344187172589     
  0.298270416666667       0.298270416666667      -0.157615752568058     
  0.298270416666667       0.594540833333333      -0.165327794718690     
  0.298270416666667       0.890811250000000      -0.172064779317122     
  0.298270416666667        1.18708166666667      -0.180343264455351     
  0.298270416666667        1.48335208333333      -0.190194665342824     
  0.298270416666667        1.77962250000000      -0.201146033491128     
  0.298270416666667        2.07589291666667      -0.212530593321863     
  0.298270416666667        2.37216333333333      -0.223406419909080     
  0.298270416666667        2.66843375000000      -0.233010986245060     
  0.298270416666667        2.96470416666667      -0.240754813497259     
  0.298270416666667        3.26097458333333      -0.245853839958217     
  0.298270416666667        3.55724500000000      -0.247634316987935     
  0.298270416666667        3.85351541666667      -0.245833275412179     
  0.298270416666667        4.14978583333333      -0.240715310777501     
  0.298270416666667        4.44605625000000      -0.232955114012009     
  0.298270416666667        4.74232666666667      -0.223336763091391     
  0.298270416666667        5.03859708333333      -0.212449659751927     
  0.298270416666667        5.33486750000000      -0.201053864196503     
  0.298270416666667        5.63113791666667      -0.190083320150107     
  0.298270416666667        5.92740833333333      -0.180195389097932     
  0.298270416666667        6.22367875000000      -0.171850144703535     
  0.298270416666667        6.51994916666667      -0.165003989218908     
  0.298270416666667        6.81621958333333      -0.157208110792181     
  0.298270416666667        7.11249000000000      -0.145126294607801     
  0.594540833333333       2.000000000000000E-003 -0.151909872864249     
  0.594540833333333       0.298270416666667      -0.165327597203079     
  0.594540833333333       0.594540833333333      -0.175997807154138     
  0.594540833333333       0.890811250000000      -0.185157088160134     
  0.594540833333333        1.18708166666667      -0.195718852771015     
  0.594540833333333        1.48335208333333      -0.208337263966184     
  0.594540833333333        1.77962250000000      -0.222562467993441     
  0.594540833333333        2.07589291666667      -0.237565288968625     
  0.594540833333333        2.37216333333333      -0.252127365088923     
  0.594540833333333        2.66843375000000      -0.265153112175057     
  0.594540833333333        2.96470416666667      -0.275750281752435     
  0.594540833333333        3.26097458333333      -0.282757614117172     
  0.594540833333333        3.55724500000000      -0.285210523715560     
  0.594540833333333        3.85351541666667      -0.282734300466068     
  0.594540833333333        4.14978583333333      -0.275705435095001     
  0.594540833333333        4.44605625000000      -0.265089299837541     
  0.594540833333333        4.74232666666667      -0.252046861037621     
  0.594540833333333        5.03859708333333      -0.237469227533783     
  0.594540833333333        5.33486750000000      -0.222447790704655     
  0.594540833333333        5.63113791666667      -0.208192185600390     
  0.594540833333333        5.92740833333333      -0.195522814695187     
  0.594540833333333        6.22367875000000      -0.184884999157097     
  0.594540833333333        6.51994916666667      -0.175648526555329     
  0.594540833333333        6.81621958333333      -0.165004187868050     
  0.594540833333333        7.11249000000000      -0.151781607983507     
  0.890811250000000       2.000000000000000E-003 -0.158526306584762     
  0.890811250000000       0.298270416666667      -0.172064616938065     
  0.890811250000000       0.594540833333333      -0.185157056634199     
  0.890811250000000       0.890811250000000      -0.198042366598078     
  0.890811250000000        1.18708166666667      -0.212468942229005     
  0.890811250000000        1.48335208333333      -0.229260877978927     
  0.890811250000000        1.77962250000000      -0.248243190320827     
  0.890811250000000        2.07589291666667      -0.268499643287641     
  0.890811250000000        2.37216333333333      -0.288333291205524     
  0.890811250000000        2.66843375000000      -0.306489918842256     
  0.890811250000000        2.96470416666667      -0.321435370032000     
  0.890811250000000        3.26097458333333      -0.331373460258400     
  0.890811250000000        3.55724500000000      -0.334862179529691     
  0.890811250000000        3.85351541666667      -0.331347439497930     
  0.890811250000000        4.14978583333333      -0.321385455233859     
  0.890811250000000        4.44605625000000      -0.306419311381851     
  0.890811250000000        4.74232666666667      -0.288244686289138     
  0.890811250000000        5.03859708333333      -0.268394024731231     
  0.890811250000000        5.33486750000000      -0.248118013991083     
  0.890811250000000        5.63113791666667      -0.229105650206244     
  0.890811250000000        5.92740833333333      -0.212269745402252     
  0.890811250000000        6.22367875000000      -0.197793239390339     
  0.890811250000000        6.51994916666667      -0.184885088254064     
  0.890811250000000        6.81621958333333      -0.171850361576752     
  0.890811250000000        7.11249000000000      -0.158439415924069     
   1.18708166666667       2.000000000000000E-003 -0.165887752983470     
   1.18708166666667       0.298270416666667      -0.180343227117242     
   1.18708166666667       0.594540833333333      -0.195718890187939     
   1.18708166666667       0.890811250000000      -0.212468993667115     
   1.18708166666667        1.18708166666667      -0.231682555702128     
   1.18708166666667        1.48335208333333      -0.254076609595610     
   1.18708166666667        1.77962250000000      -0.279582429775939     
   1.18708166666667        2.07589291666667      -0.307038097548402     
   1.18708166666667        2.37216333333333      -0.334528950563044     
   1.18708166666667        2.66843375000000      -0.360335363291370     
   1.18708166666667        2.96470416666667      -0.381898751191585     
   1.18708166666667        3.26097458333333      -0.396370457926992     
   1.18708166666667        3.55724500000000      -0.401475927939805     
   1.18708166666667        3.85351541666667      -0.396340712660659     
   1.18708166666667        4.14978583333333      -0.381842518476815     
   1.18708166666667        4.44605625000000      -0.360257481504479     
   1.18708166666667        4.74232666666667      -0.334433596893041     
   1.18708166666667        5.03859708333333      -0.306927411898552     
   1.18708166666667        5.33486750000000      -0.279456108984390     
   1.18708166666667        5.63113791666667      -0.253928768845983     
   1.18708166666667        5.92740833333333      -0.231506808486534     
   1.18708166666667        6.22367875000000      -0.212269821696169     
   1.18708166666667        6.51994916666667      -0.195522955642320     
   1.18708166666667        6.81621958333333      -0.180195588205156     
   1.18708166666667        7.11249000000000      -0.165816487430806     
   1.48335208333333       2.000000000000000E-003 -0.174019133232614     
   1.48335208333333       0.298270416666667      -0.190194763975714     
   1.48335208333333       0.594540833333333      -0.208337411385157     
   1.48335208333333       0.890811250000000      -0.229261033597814     
   1.48335208333333        1.18708166666667      -0.254076717922497     
   1.48335208333333        1.48335208333333      -0.283564845666759     
   1.48335208333333        1.77962250000000      -0.317583806548308     
   1.48335208333333        2.07589291666667      -0.354666888988812     
   1.48335208333333        2.37216333333333      -0.393182778706120     
   1.48335208333333        2.66843375000000      -0.430336250988839     
   1.48335208333333        2.96470416666667      -0.462064855243665     
   1.48335208333333        3.26097458333333      -0.483754528355993     
   1.48335208333333        3.55724500000000      -0.491475784124932     
   1.48335208333333        3.85351541666667      -0.483717744595856     
   1.48335208333333        4.14978583333333      -0.461997400000882     
   1.48335208333333        4.44605625000000      -0.430247078198702     
   1.48335208333333        4.74232666666667      -0.393079092344661     
   1.48335208333333        5.03859708333333      -0.354552456189953     
   1.48335208333333        5.33486750000000      -0.317459446247053     
   1.48335208333333        5.63113791666667      -0.283429926196476     
   1.48335208333333        5.92740833333333      -0.253928940822732     
   1.48335208333333        6.22367875000000      -0.229105875170174     
   1.48335208333333        6.51994916666667      -0.208192405594179     
   1.48335208333333        6.81621958333333      -0.190083569832022     
   1.48335208333333        7.11249000000000      -0.173954307714282     
   1.77962250000000       2.000000000000000E-003 -0.182742379839059     
   1.77962250000000       0.298270416666667      -0.201146263340311     
   1.77962250000000       0.594540833333333      -0.222562750781823     
   1.77962250000000       0.890811250000000      -0.248243493804138     
   1.77962250000000        1.18708166666667      -0.279582700987856     
   1.77962250000000        1.48335208333333      -0.317583977242981     
   1.77962250000000        1.77962250000000      -0.362045307027371     
   1.77962250000000        2.07589291666667      -0.412323706856047     
   1.77962250000000        2.37216333333333      -0.466436693892864     
   1.77962250000000        2.66843375000000      -0.520344114814474     
   1.77962250000000        2.96470416666667      -0.567885166313861     
   1.77962250000000        3.26097458333333      -0.601305326688315     
   1.77962250000000        3.55724500000000      -0.613371622808463     
   1.77962250000000        3.85351541666667      -0.601254994696636     
   1.77962250000000        4.14978583333333      -0.567796601372669     
   1.77962250000000        4.44605625000000      -0.520234004358007     
   1.77962250000000        4.74232666666667      -0.466318500518102     
   1.77962250000000        5.03859708333333      -0.412203583804590     
   1.77962250000000        5.33486750000000      -0.361923540029118     
   1.77962250000000        5.63113791666667      -0.317459683348978     
   1.77962250000000        5.92740833333333      -0.279456490734145     
   1.77962250000000        6.22367875000000      -0.248118416067188     
   1.77962250000000        6.51994916666667      -0.222448163523064     
   1.77962250000000        6.81621958333333      -0.201054221620887     
   1.77962250000000        7.11249000000000      -0.182679326673455     
   2.07589291666667       2.000000000000000E-003 -0.191598824110543     
   2.07589291666667       0.298270416666667      -0.212530958529504     
   2.07589291666667       0.594540833333333      -0.237565734464879     
   2.07589291666667       0.890811250000000      -0.268500135501891     
   2.07589291666667        1.18708166666667      -0.307038573003462     
   2.07589291666667        1.48335208333333      -0.354667274164222     
   2.07589291666667        1.77962250000000      -0.412323931870587     
   2.07589291666667        2.07589291666667      -0.479916027490981     
   2.07589291666667        2.37216333333333      -0.555219050469170     
   2.07589291666667        2.66843375000000      -0.633361379136079     
   2.07589291666667        2.96470416666667      -0.705274404022771     
   2.07589291666667        3.26097458333333      -0.757841014013259     
   2.07589291666667        3.55724500000000      -0.777326776431801     
   2.07589291666667        3.85351541666667      -0.757767498924007     
   2.07589291666667        4.14978583333333      -0.705151024755840     
   2.07589291666667        4.44605625000000      -0.633218204554551     
   2.07589291666667        4.74232666666667      -0.555077931860723     
   2.07589291666667        5.03859708333333      -0.479785971092033     
   2.07589291666667        5.33486750000000      -0.412204024194932     
   2.07589291666667        5.63113791666667      -0.354553087889820     
   2.07589291666667        5.92740833333333      -0.306928109449787     
   2.07589291666667        6.22367875000000      -0.268394708018987     
   2.07589291666667        6.51994916666667      -0.237469815708828     
   2.07589291666667        6.81621958333333      -0.212450187978452     
   2.07589291666667        7.11249000000000      -0.191536998627870     
   2.37216333333333       2.000000000000000E-003 -0.199949285376431     
   2.37216333333333       0.298270416666667      -0.223406931506338     
   2.37216333333333       0.594540833333333      -0.252127979309975     
   2.37216333333333       0.890811250000000      -0.288333967546182     
   2.37216333333333        1.18708166666667      -0.334529628554331     
   2.37216333333333        1.48335208333333      -0.393183392154081     
   2.37216333333333        1.77962250000000      -0.466437180500867     
   2.37216333333333        2.07589291666667      -0.555219327064498     
   2.37216333333333        2.37216333333333      -0.658252325862121     
   2.37216333333333        2.66843375000000      -0.770266367458931     
   2.37216333333333        2.96470416666667      -0.879009598151245     
   2.37216333333333        3.26097458333333      -0.962763142358616     
   2.37216333333333        3.55724500000000      -0.994956111953810     
   2.37216333333333        3.85351541666667      -0.962651126529309     
   2.37216333333333        4.14978583333333      -0.878833601086863     
   2.37216333333333        4.44605625000000      -0.770079762073473     
   2.37216333333333        4.74232666666667      -0.658084763805663     
   2.37216333333333        5.03859708333333      -0.555078694023789     
   2.37216333333333        5.33486750000000      -0.466319591772537     
   2.37216333333333        5.63113791666667      -0.393080201324641     
   2.37216333333333        5.92740833333333      -0.334434711631234     
   2.37216333333333        6.22367875000000      -0.288245628768160     
   2.37216333333333        6.51994916666667      -0.252047711424757     
   2.37216333333333        6.81621958333333      -0.223337471315907     
   2.37216333333333        7.11249000000000      -0.199892716065402     
   2.66843375000000       2.000000000000000E-003 -0.207263654917818     
   2.66843375000000       0.298270416666667      -0.233011586682182     
   2.66843375000000       0.594540833333333      -0.265153838699423     
   2.66843375000000       0.890811250000000      -0.306490732178511     
   2.66843375000000        1.18708166666667      -0.360336208730651     
   2.66843375000000        1.48335208333333      -0.430337076785963     
   2.66843375000000        1.77962250000000      -0.520344858306335     
   2.66843375000000        2.07589291666667      -0.633361934698785     
   2.66843375000000        2.37216333333333      -0.770266648177383     
   2.66843375000000        2.66843375000000      -0.926716381753853     
   2.66843375000000        2.96470416666667       -1.08752286341181     
   2.66843375000000        3.26097458333333       -1.21954572190338     
   2.66843375000000        3.55724500000000       -1.27327155397256     
   2.66843375000000        3.85351541666667       -1.21937285537938     
   2.66843375000000        4.14978583333333       -1.08727797809940     
   2.66843375000000        4.44605625000000      -0.926485903585152     
   2.66843375000000        4.74232666666667      -0.770080999166160     
   2.66843375000000        5.03859708333333      -0.633220033769324     
   2.66843375000000        5.33486750000000      -0.520235961584893     
   2.66843375000000        5.63113791666667      -0.430248856392561     
   2.66843375000000        5.92740833333333      -0.360259018135860     
   2.66843375000000        6.22367875000000      -0.306420602111803     
   2.66843375000000        6.51994916666667      -0.265090334821675     
   2.66843375000000        6.81621958333333      -0.232955897435356     
   2.66843375000000        7.11249000000000      -0.207217069696515     
   2.96470416666667       2.000000000000000E-003 -0.213125099073295     
   2.96470416666667       0.298270416666667      -0.240755434055040     
   2.96470416666667       0.594540833333333      -0.275751051633084     
   2.96470416666667       0.890811250000000      -0.321436254236971     
   2.96470416666667        1.18708166666667      -0.381899703816285     
   2.96470416666667        1.48335208333333      -0.462065845621813     
   2.96470416666667        1.77962250000000      -0.567886107345991     
   2.96470416666667        2.07589291666667      -0.705275174311159     
   2.96470416666667        2.37216333333333      -0.879010073118968     
   2.96470416666667        2.66843375000000       -1.08752298698868     
   2.96470416666667        2.96470416666667       -1.31156591834616     
   2.96470416666667        3.26097458333333       -1.50326382733180     
   2.96470416666667        3.55724500000000       -1.58510712379234     
   2.96470416666667        3.85351541666667       -1.50301663692119     
   2.96470416666667        4.14978583333333       -1.31126566458084     
   2.96470416666667        4.44605625000000       -1.08728009366575     
   2.96470416666667        4.74232666666667      -0.878836602013458     
   2.96470416666667        5.03859708333333      -0.705154288648408     
   2.96470416666667        5.33486750000000      -0.567799518014655     
   2.96470416666667        5.63113791666667      -0.461999821384963     
   2.96470416666667        5.92740833333333      -0.381844456542579     
   2.96470416666667        6.22367875000000      -0.321386975188368     
   2.96470416666667        6.51994916666667      -0.275706601488817     
   2.96470416666667        6.81621958333333      -0.240716222479658     
   2.96470416666667        7.11249000000000      -0.213091779739375     
   3.26097458333333       2.000000000000000E-003 -0.216970227598914     
   3.26097458333333       0.298270416666667      -0.245854419754723     
   3.26097458333333       0.594540833333333      -0.282758360905089     
   3.26097458333333       0.890811250000000      -0.331374344491725     
   3.26097458333333        1.18708166666667      -0.396371442411123     
   3.26097458333333        1.48335208333333      -0.483755590016631     
   3.26097458333333        1.77962250000000      -0.601306362206192     
   3.26097458333333        2.07589291666667      -0.757841886710943     
   3.26097458333333        2.37216333333333      -0.962763678815082     
   3.26097458333333        2.66843375000000       -1.21954574315364     
   3.26097458333333        2.96470416666667       -1.50326344322662     
   3.26097458333333        3.26097458333333       -1.72761457659905     
   3.26097458333333        3.55724500000000       -1.80677809363927     
   3.26097458333333        3.85351541666667       -1.72737357627482     
   3.26097458333333        4.14978583333333       -1.50301976787075     
   3.26097458333333        4.44605625000000       -1.21937812051769     
   3.26097458333333        4.74232666666667      -0.962656507989437     
   3.26097458333333        5.03859708333333      -0.757772185678291     
   3.26097458333333        5.33486750000000      -0.601258839698398     
   3.26097458333333        5.63113791666667      -0.483720781397292     
   3.26097458333333        5.92740833333333      -0.396343006600245     
   3.26097458333333        6.22367875000000      -0.331349138162225     
   3.26097458333333        6.51994916666667      -0.282735603989952     
   3.26097458333333        6.81621958333333      -0.245834187407593     
   3.26097458333333        7.11249000000000      -0.216952923847486     
   3.55724500000000       2.000000000000000E-003 -0.218309523752499     
   3.55724500000000       0.298270416666667      -0.247634815313361     
   3.55724500000000       0.594540833333333      -0.285211196791529     
   3.55724500000000       0.890811250000000      -0.334863002206473     
   3.55724500000000        1.18708166666667      -0.401476867275669     
   3.55724500000000        1.48335208333333      -0.491476815578231     
   3.55724500000000        1.77962250000000      -0.613372628975954     
   3.55724500000000        2.07589291666667      -0.777327629508904     
   3.55724500000000        2.37216333333333      -0.994956635870730     
   3.55724500000000        2.66843375000000       -1.27327152704444     
   3.55724500000000        2.96470416666667       -1.58510651573985     
   3.55724500000000        3.26097458333333       -1.80677761992828     
   3.55724500000000        3.55724500000000       -1.83574402943080     
   3.55724500000000        3.85351541666667       -1.80678026172695     
   3.55724500000000        4.14978583333333       -1.58511496534962     
   3.55724500000000        4.44605625000000       -1.27328014311978     
   3.55724500000000        4.74232666666667      -0.994963654402024     
   3.55724500000000        5.03859708333333      -0.777332837152547     
   3.55724500000000        5.33486750000000      -0.613376166989128     
   3.55724500000000        5.63113791666667      -0.491479306421485     
   3.55724500000000        5.92740833333333      -0.401478466963093     
   3.55724500000000        6.22367875000000      -0.334863985360938     
   3.55724500000000        6.51994916666667      -0.285211885864834     
   3.55724500000000        6.81621958333333      -0.247635244872740     
   3.55724500000000        7.11249000000000      -0.218309841145952     
   3.85351541666667       2.000000000000000E-003 -0.216952490658356     
   3.85351541666667       0.298270416666667      -0.245833675207168     
   3.85351541666667       0.594540833333333      -0.282734871002311     
   3.85351541666667       0.890811250000000      -0.331348157948887     
   3.85351541666667        1.18708166666667      -0.396341544800134     
   3.85351541666667        1.48335208333333      -0.483718656557483     
   3.85351541666667        1.77962250000000      -0.601255874682089     
   3.85351541666667        2.07589291666667      -0.757768240275819     
   3.85351541666667        2.37216333333333      -0.962651617272577     
   3.85351541666667        2.66843375000000       -1.21937298838235     
   3.85351541666667        2.96470416666667       -1.50301644671741     
   3.85351541666667        3.26097458333333       -1.72737327004593     
   3.85351541666667        3.55724500000000       -1.80677997758107     
   3.85351541666667        3.85351541666667       -1.72762272461093     
   3.85351541666667        4.14978583333333       -1.50327609367523     
   3.85351541666667        4.44605625000000       -1.21955715827956     
   3.85351541666667        4.74232666666667      -0.962772015735988     
   3.85351541666667        5.03859708333333      -0.757847527606412     
   3.85351541666667        5.33486750000000      -0.601310113768351     
   3.85351541666667        5.63113791666667      -0.483758078721743     
   3.85351541666667        5.92740833333333      -0.396373033548294     
   3.85351541666667        6.22367875000000      -0.331375285787498     
   3.85351541666667        6.51994916666667      -0.282758868149344     
   3.85351541666667        6.81621958333333      -0.245854651944082     
   3.85351541666667        7.11249000000000      -0.216970362194814     
   4.14978583333333       2.000000000000000E-003 -0.213091273881549     
   4.14978583333333       0.298270416666667      -0.240715613045322     
   4.14978583333333       0.594540833333333      -0.275705893601108     
   4.14978583333333       0.890811250000000      -0.321386048332492     
   4.14978583333333        1.18708166666667      -0.381843209299761     
   4.14978583333333        1.48335208333333      -0.461998146991052     
   4.14978583333333        1.77962250000000      -0.567797305509975     
   4.14978583333333        2.07589291666667      -0.705151611696575     
   4.14978583333333        2.37216333333333      -0.878834031205474     
   4.14978583333333        2.66843375000000       -1.08727824616822     
   4.14978583333333        2.96470416666667       -1.31126580046663     
   4.14978583333333        3.26097458333333       -1.50301967978460     
   4.14978583333333        3.55724500000000       -1.58511453240254     
   4.14978583333333        3.85351541666667       -1.50327581956282     
   4.14978583333333        4.14978583333333       -1.31157874616708     
   4.14978583333333        4.44605625000000       -1.08753413149595     
   4.14978583333333        4.74232666666667      -0.879018045869596     
   4.14978583333333        5.03859708333333      -0.705280813107075     
   4.14978583333333        5.33486750000000      -0.567889778793037     
   4.14978583333333        5.63113791666667      -0.462068157619223     
   4.14978583333333        5.92740833333333      -0.381901155646761     
   4.14978583333333        6.22367875000000      -0.321437068010407     
   4.14978583333333        6.51994916666667      -0.275751398670499     
   4.14978583333333        6.81621958333333      -0.240755528048939     
   4.14978583333333        7.11249000000000      -0.213125043366750     
   4.44605625000000       2.000000000000000E-003 -0.207216518177255     
   4.44605625000000       0.298270416666667      -0.232955327354450     
   4.44605625000000       0.594540833333333      -0.265089648906684     
   4.44605625000000       0.890811250000000      -0.306419776173352     
   4.44605625000000        1.18708166666667      -0.360258025980575     
   4.44605625000000        1.48335208333333      -0.430247656662675     
   4.44605625000000        1.77962250000000      -0.520234544000518     
   4.44605625000000        2.07589291666667      -0.633218657502136     
   4.44605625000000        2.37216333333333      -0.770080142274085     
   4.44605625000000        2.66843375000000      -0.926486255881972     
   4.44605625000000        2.96470416666667       -1.08728045074912     
   4.44605625000000        3.26097458333333       -1.21937842013446     
   4.44605625000000        3.55724500000000       -1.27328032722539     
   4.44605625000000        3.85351541666667       -1.21955736844302     
   4.44605625000000        4.14978583333333       -1.08753436160656     
   4.44605625000000        4.44605625000000      -0.926725767665440     
   4.44605625000000        4.74232666666667      -0.770273766088022     
   4.44605625000000        5.03859708333333      -0.633366898920896     
   4.44605625000000        5.33486750000000      -0.520348184527946     
   4.44605625000000        5.63113791666667      -0.430339194517602     
   4.44605625000000        5.92740833333333      -0.360337442774522     
   4.44605625000000        6.22367875000000      -0.306491346345162     
   4.44605625000000        6.51994916666667      -0.265154015010783     
   4.44605625000000        6.81621958333333      -0.233011514435415     
   4.44605625000000        7.11249000000000      -0.207263502039435     
   4.74232666666667       2.000000000000000E-003 -0.199892192007989     
   4.74232666666667       0.298270416666667      -0.223336892588926     
   4.74232666666667       0.594540833333333      -0.252047107504353     
   4.74232666666667       0.890811250000000      -0.288245032145901     
   4.74232666666667        1.18708166666667      -0.334434010321890     
   4.74232666666667        1.48335208333333      -0.393079536161522     
   4.74232666666667        1.77962250000000      -0.466318925049623     
   4.74232666666667        2.07589291666667      -0.555078312550604     
   4.74232666666667        2.37216333333333      -0.658085147866323     
   4.74232666666667        2.66843375000000      -0.770081462503127     
   4.74232666666667        2.96470416666667      -0.878837203062923     
   4.74232666666667        3.26097458333333      -0.962657239054716     
   4.74232666666667        3.55724500000000      -0.994964453554415     
   4.74232666666667        3.85351541666667      -0.962772811616574     
   4.74232666666667        4.14978583333333      -0.879018712519257     
   4.74232666666667        4.44605625000000      -0.770274141750908     
   4.74232666666667        4.74232666666667      -0.658258227344469     
   4.74232666666667        5.03859708333333      -0.555223519280967     
   4.74232666666667        5.33486750000000      -0.466439996549196     
   4.74232666666667        5.63113791666667      -0.393185214193869     
   4.74232666666667        5.92740833333333      -0.334530655116924     
   4.74232666666667        6.22367875000000      -0.288334408793932     
   4.74232666666667        6.51994916666667      -0.252128054649422     
   4.74232666666667        6.81621958333333      -0.223406813895863     
   4.74232666666667        7.11249000000000      -0.199949004367137     
   5.03859708333333       2.000000000000000E-003 -0.191536521779603     
   5.03859708333333       0.298270416666667      -0.212449706353709     
   5.03859708333333       0.594540833333333      -0.237469379090400     
   5.03859708333333       0.890811250000000      -0.268394270346323     
   5.03859708333333        1.18708166666667      -0.306927721403947     
   5.03859708333333        1.48335208333333      -0.354552803280313     
   5.03859708333333        1.77962250000000      -0.412203948091362     
   5.03859708333333        2.07589291666667      -0.479786338635728     
   5.03859708333333        2.37216333333333      -0.555079121714854     
   5.03859708333333        2.66843375000000      -0.633220612144208     
   5.03859708333333        2.96470416666667      -0.705155084796905     
   5.03859708333333        3.26097458333333      -0.757773201169365     
   5.03859708333333        3.55724500000000      -0.777333993778943     
   5.03859708333333        3.85351541666667      -0.757848690150685     
   5.03859708333333        4.14978583333333      -0.705281817836404     
   5.03859708333333        4.44605625000000      -0.633367608294223     
   5.03859708333333        4.74232666666667      -0.555223864786053     
   5.03859708333333        5.03859708333333      -0.479919573867797     
   5.03859708333333        5.33486750000000      -0.412326327116259     
   5.03859708333333        5.63113791666667      -0.354668798083173     
   5.03859708333333        5.92740833333333      -0.307039420284045     
   5.03859708333333        6.22367875000000      -0.268500466625074     
   5.03859708333333        6.51994916666667      -0.237565762357925     
   5.03859708333333        6.81621958333333      -0.212530800645616     
   5.03859708333333        7.11249000000000      -0.191598539556489     
   5.33486750000000       2.000000000000000E-003 -0.182678965473529     
   5.33486750000000       0.298270416666667      -0.201053900327777     
   5.33486750000000       0.594540833333333      -0.222447912626600     
   5.33486750000000       0.890811250000000      -0.248118210302375     
   5.33486750000000        1.18708166666667      -0.279456353679578     
   5.33486750000000        1.48335208333333      -0.317459730286140     
   5.33486750000000        1.77962250000000      -0.361923867123011     
   5.33486750000000        2.07589291666667      -0.412204409088108     
   5.33486750000000        2.37216333333333      -0.466320066321963     
   5.33486750000000        2.66843375000000      -0.520236606750533     
   5.33486750000000        2.96470416666667      -0.567800396626970     
   5.33486750000000        3.26097458333333      -0.601259952578653     
   5.33486750000000        3.55724500000000      -0.613377434695922     
   5.33486750000000        3.85351541666667      -0.601311406338688     
   5.33486750000000        4.14978583333333      -0.567890939160027     
   5.33486750000000        4.44605625000000      -0.520349089281842     
   5.33486750000000        4.74232666666667      -0.466440579891411     
   5.33486750000000        5.03859708333333      -0.412326593299644     
   5.33486750000000        5.33486750000000      -0.362047272700775     
   5.33486750000000        5.63113791666667      -0.317585203116219     
   5.33486750000000        5.92740833333333      -0.279583353188808     
   5.33486750000000        6.22367875000000      -0.248243750138924     
   5.33486750000000        6.51994916666667      -0.222562665576101     
   5.33486750000000        6.81621958333333      -0.201146039024818     
   5.33486750000000        7.11249000000000      -0.182742116446114     
   5.63113791666667       2.000000000000000E-003 -0.173954118669543     
   5.63113791666667       0.298270416666667      -0.190083409505517     
   5.63113791666667       0.594540833333333      -0.208192332114861     
   5.63113791666667       0.890811250000000      -0.229105853745789     
   5.63113791666667        1.18708166666667      -0.253929008622809     
   5.63113791666667        1.48335208333333      -0.283430179275359     
   5.63113791666667        1.77962250000000      -0.317459977490512     
   5.63113791666667        2.07589291666667      -0.354553463947901     
   5.63113791666667        2.37216333333333      -0.393080695439279     
   5.63113791666667        2.66843375000000      -0.430249508158571     
   5.63113791666667        2.96470416666667      -0.462000670484336     
   5.63113791666667        3.26097458333333      -0.483721832330193     
   5.63113791666667        3.55724500000000      -0.491480503064467     
   5.63113791666667        3.85351541666667      -0.483759311219821     
   5.63113791666667        4.14978583333333      -0.462069303735511     
   5.63113791666667        4.44605625000000      -0.430340146084658     
   5.63113791666667        4.74232666666667      -0.393185922600344     
   5.63113791666667        5.03859708333333      -0.354669251398241     
   5.63113791666667        5.33486750000000      -0.317585414208818     
   5.63113791666667        5.63113791666667      -0.283565908230498     
   5.63113791666667        5.92740833333333      -0.254077230850283     
   5.63113791666667        6.22367875000000      -0.229261170099489     
   5.63113791666667        6.51994916666667      -0.208337277747775     
   5.63113791666667        6.81621958333333      -0.190194491574205     
   5.63113791666667        7.11249000000000      -0.174018810132612     
   5.92740833333333       2.000000000000000E-003 -0.165816433826998     
   5.92740833333333       0.298270416666667      -0.180195548240562     
   5.92740833333333       0.594540833333333      -0.195522981148077     
   5.92740833333333       0.890811250000000      -0.212269941188018     
   5.92740833333333        1.18708166666667      -0.231507037369711     
   5.92740833333333        1.48335208333333      -0.253929179942327     
   5.92740833333333        1.77962250000000      -0.279456740028516     
   5.92740833333333        2.07589291666667      -0.306928442067927     
   5.92740833333333        2.37216333333333      -0.334435167146461     
   5.92740833333333        2.66843375000000      -0.360259621351540     
   5.92740833333333        2.96470416666667      -0.381845221588969     
   5.92740833333333        3.26097458333333      -0.396343927783780     
   5.92740833333333        3.55724500000000      -0.401479507231034     
   5.92740833333333        3.85351541666667      -0.396374124591694     
   5.92740833333333        4.14978583333333      -0.381902213551008     
   5.92740833333333        4.44605625000000      -0.360338388631171     
   5.92740833333333        4.74232666666667      -0.334531429427381     
   5.92740833333333        5.03859708333333      -0.307039990386483     
   5.92740833333333        5.33486750000000      -0.279583714568275     
   5.92740833333333        5.63113791666667      -0.254077391338004     
   5.92740833333333        5.92740833333333      -0.231682868248734     
   5.92740833333333        6.22367875000000      -0.212468975924382     
   5.92740833333333        6.51994916666667      -0.195718695857357     
   5.92740833333333        6.81621958333333      -0.180342982307567     
   5.92740833333333        7.11249000000000      -0.165887529571809     
   6.22367875000000       2.000000000000000E-003 -0.158439484264037     
   6.22367875000000       0.298270416666667      -0.171850354945905     
   6.22367875000000       0.594540833333333      -0.184885143682155     
   6.22367875000000       0.890811250000000      -0.197793376298960     
   6.22367875000000        1.18708166666667      -0.212269987038735     
   6.22367875000000        1.48335208333333      -0.229106058827868     
   6.22367875000000        1.77962250000000      -0.248118601671053     
   6.22367875000000        2.07589291666667      -0.268394956000986     
   6.22367875000000        2.37216333333333      -0.288246000016003     
   6.22367875000000        2.66843375000000      -0.306421111252521     
   6.22367875000000        2.96470416666667      -0.321387628695233     
   6.22367875000000        3.26097458333333      -0.331349930141105     
   6.22367875000000        3.55724500000000      -0.334864890461564     
   6.22367875000000        3.85351541666667      -0.331376256647629     
   6.22367875000000        4.14978583333333      -0.321438040222653     
   6.22367875000000        4.44605625000000      -0.306492250716728     
   6.22367875000000        4.74232666666667      -0.288335186591760     
   6.22367875000000        5.03859708333333      -0.268501083334544     
   6.22367875000000        5.33486750000000      -0.248244186497398     
   6.22367875000000        5.63113791666667      -0.229261426835859     
   6.22367875000000        5.92740833333333      -0.212469087998617     
   6.22367875000000        6.22367875000000      -0.198042266305422     
   6.22367875000000        6.51994916666667      -0.185156845932222     
   6.22367875000000        6.81621958333333      -0.172064511320866     
   6.22367875000000        7.11249000000000      -0.158526282547066     
   6.51994916666667       2.000000000000000E-003 -0.151781752506091     
   6.51994916666667       0.298270416666667      -0.165004212425551     
   6.51994916666667       0.594540833333333      -0.175648623341403     
   6.51994916666667       0.890811250000000      -0.184885139952367     
   6.51994916666667        1.18708166666667      -0.195523018810386     
   6.51994916666667        1.48335208333333      -0.208192485192871     
   6.51994916666667        1.77962250000000      -0.222448245031005     
   6.51994916666667        2.07589291666667      -0.237469937384909     
   6.51994916666667        2.37216333333333      -0.252047960861100     
   6.51994916666667        2.66843375000000      -0.265090713861259     
   6.51994916666667        2.96470416666667      -0.275707112837844     
   6.51994916666667        3.26097458333333      -0.282736245459695     
   6.51994916666667        3.55724500000000      -0.285212640834343     
   6.51994916666667        3.85351541666667      -0.282759700076909     
   6.51994916666667        4.14978583333333      -0.275752253112982     
   6.51994916666667        4.44605625000000      -0.265154830108786     
   6.51994916666667        4.74232666666667      -0.252128777038174     
   6.51994916666667        5.03859708333333      -0.237566362719214     
   6.51994916666667        5.33486750000000      -0.222563109034124     
   6.51994916666667        5.63113791666667      -0.208337574127242     
   6.51994916666667        5.92740833333333      -0.195718878761050     
   6.51994916666667        6.22367875000000      -0.185156936228490     
   6.51994916666667        6.51994916666667      -0.175997605451909     
   6.51994916666667        6.81621958333333      -0.165327614367777     
   6.51994916666667        7.11249000000000      -0.151910093110574     
   6.81621958333333       2.000000000000000E-003 -0.145126507557621     
   6.81621958333333       0.298270416666667      -0.157208325304279     
   6.81621958333333       0.594540833333333      -0.165004276070104     
   6.81621958333333       0.890811250000000      -0.171850362809562     
   6.81621958333333        1.18708166666667      -0.180195559595014     
   6.81621958333333        1.48335208333333      -0.190083533169602     
   6.81621958333333        1.77962250000000      -0.201054176448270     
   6.81621958333333        2.07589291666667      -0.212450172478146     
   6.81621958333333        2.37216333333333      -0.223337580147374     
   6.81621958333333        2.66843375000000      -0.232956126670826     
   6.81621958333333        2.96470416666667      -0.240716571334070     
   6.81621958333333        3.26097458333333      -0.245834658113300     
   6.81621958333333        3.55724500000000      -0.247635828495888     
   6.81621958333333        3.85351541666667      -0.245855320050005     
   6.81621958333333        4.14978583333333      -0.240756234140158     
   6.81621958333333        4.44605625000000      -0.233012204036248     
   6.81621958333333        4.74232666666667      -0.223407440275563     
   6.81621958333333        5.03859708333333      -0.212531334869592     
   6.81621958333333        5.33486750000000      -0.201146444852167     
   6.81621958333333        5.63113791666667      -0.190194785569928     
   6.81621958333333        5.92740833333333      -0.180343199518644     
   6.81621958333333        6.22367875000000      -0.172064671295126     
   6.81621958333333        6.51994916666667      -0.165327705934479     
   6.81621958333333        6.81621958333333      -0.157615905042389     
   6.81621958333333        7.11249000000000      -0.145344365222012     
   7.11249000000000       2.000000000000000E-003 -0.136639403698069     
   7.11249000000000       0.298270416666667      -0.145126480998047     
   7.11249000000000       0.594540833333333      -0.151781704225657     
   7.11249000000000       0.890811250000000      -0.158439402661871     
   7.11249000000000        1.18708166666667      -0.165816402996026     
   7.11249000000000        1.48335208333333      -0.173954180122289     
   7.11249000000000        1.77962250000000      -0.182679170508521     
   7.11249000000000        2.07589291666667      -0.191536860684899     
   7.11249000000000        2.37216333333333      -0.199892695714914     
   7.11249000000000        2.66843375000000      -0.207217155426293     
   7.11249000000000        2.96470416666667      -0.213091968959539     
   7.11249000000000        3.26097458333333      -0.216953223407440     
   7.11249000000000        3.55724500000000      -0.218310249459881     
   7.11249000000000        3.85351541666667      -0.216970858894386     
   7.11249000000000        4.14978583333333      -0.213125590372223     
   7.11249000000000        4.44605625000000      -0.207264052926646     
   7.11249000000000        4.74232666666667      -0.199949518737344     
   7.11249000000000        5.03859708333333      -0.191598989527278     
   7.11249000000000        5.33486750000000      -0.182742464866089     
   7.11249000000000        5.63113791666667      -0.174019073658051     
   7.11249000000000        5.92740833333333      -0.165887742943551     
   7.11249000000000        6.22367875000000      -0.158526475455380     
   7.11249000000000        6.51994916666667      -0.151910266884130     
   7.11249000000000        6.81621958333333      -0.145344460538153     
   7.11249000000000        7.11249000000000      -0.136894060914188     
