  2.000000000000000E-003  2.000000000000000E-003 -0.361680535812739     
  2.000000000000000E-003  0.298270416666667      -0.374758691007388     
  2.000000000000000E-003  0.594540833333333      -0.377596084374670     
  2.000000000000000E-003  0.890811250000000      -0.380397218045210     
  2.000000000000000E-003   1.18708166666667      -0.381499077309555     
  2.000000000000000E-003   1.48335208333333      -0.378858482343536     
  2.000000000000000E-003   1.77962250000000      -0.371212507297925     
  2.000000000000000E-003   2.07589291666667      -0.358581700772424     
  2.000000000000000E-003   2.37216333333333      -0.342234987979695     
  2.000000000000000E-003   2.66843375000000      -0.324511486412858     
  2.000000000000000E-003   2.96470416666667      -0.304452176153380     
  2.000000000000000E-003   3.26097458333333      -0.282548327163852     
  2.000000000000000E-003   3.55724500000000      -0.260167794344676     
  2.000000000000000E-003   3.85351541666667      -0.238610476532109     
  2.000000000000000E-003   4.14978583333333      -0.218660537103586     
  2.000000000000000E-003   4.44605625000000      -0.200548267704028     
  2.000000000000000E-003   4.74232666666667      -0.184237423666963     
  2.000000000000000E-003   5.03859708333333      -0.169759427471207     
  2.000000000000000E-003   5.33486750000000      -0.157180771155555     
  2.000000000000000E-003   5.63113791666667      -0.146513729665369     
  2.000000000000000E-003   5.92740833333333      -0.137720197581095     
  2.000000000000000E-003   6.22367875000000      -0.130538744342740     
  2.000000000000000E-003   6.51994916666667      -0.124039003624786     
  2.000000000000000E-003   6.81621958333333      -0.115979780718739     
  2.000000000000000E-003   7.11249000000000      -0.106293700251387     
  0.298270416666667       2.000000000000000E-003 -0.374758609152794     
  0.298270416666667       0.298270416666667      -0.391651099048719     
  0.298270416666667       0.594540833333333      -0.404073066469627     
  0.298270416666667       0.890811250000000      -0.418667387704196     
  0.298270416666667        1.18708166666667      -0.426412635758466     
  0.298270416666667        1.48335208333333      -0.426041672996663     
  0.298270416666667        1.77962250000000      -0.417945757856183     
  0.298270416666667        2.07589291666667      -0.402602456808878     
  0.298270416666667        2.37216333333333      -0.382738655862284     
  0.298270416666667        2.66843375000000      -0.361202630312052     
  0.298270416666667        2.96470416666667      -0.336590888580753     
  0.298270416666667        3.26097458333333      -0.309731638721963     
  0.298270416666667        3.55724500000000      -0.282555863709090     
  0.298270416666667        3.85351541666667      -0.256787703315346     
  0.298270416666667        4.14978583333333      -0.233359966011801     
  0.298270416666667        4.44605625000000      -0.212449094555835     
  0.298270416666667        4.74232666666667      -0.193881258661193     
  0.298270416666667        5.03859708333333      -0.177543237585628     
  0.298270416666667        5.33486750000000      -0.163403752485218     
  0.298270416666667        5.63113791666667      -0.151374260964747     
  0.298270416666667        5.92740833333333      -0.141316216164271     
  0.298270416666667        6.22367875000000      -0.132818540985200     
  0.298270416666667        6.51994916666667      -0.124943254442305     
  0.298270416666667        6.81621958333333      -0.116725777430666     
  0.298270416666667        7.11249000000000      -0.108943222101388     
  0.594540833333333       2.000000000000000E-003 -0.377595933406339     
  0.594540833333333       0.298270416666667      -0.404073226352225     
  0.594540833333333       0.594540833333333      -0.430545034073521     
  0.594540833333333       0.890811250000000      -0.454896565535847     
  0.594540833333333        1.18708166666667      -0.469266395599247     
  0.594540833333333        1.48335208333333      -0.472001612902113     
  0.594540833333333        1.77962250000000      -0.464113682678339     
  0.594540833333333        2.07589291666667      -0.446600029906056     
  0.594540833333333        2.37216333333333      -0.423596241905377     
  0.594540833333333        2.66843375000000      -0.398206974850808     
  0.594540833333333        2.96470416666667      -0.368703251910346     
  0.594540833333333        3.26097458333333      -0.336596643534450     
  0.594540833333333        3.55724500000000      -0.304466306790215     
  0.594540833333333        3.85351541666667      -0.274421425334116     
  0.594540833333333        4.14978583333333      -0.247470790261828     
  0.594540833333333        4.44605625000000      -0.223689171607971     
  0.594540833333333        4.74232666666667      -0.202757019081466     
  0.594540833333333        5.03859708333333      -0.184420820962742     
  0.594540833333333        5.33486750000000      -0.168556961273665     
  0.594540833333333        5.63113791666667      -0.154982763281189     
  0.594540833333333        5.92740833333333      -0.143433007752273     
  0.594540833333333        6.22367875000000      -0.133451891354878     
  0.594540833333333        6.51994916666667      -0.124535151584358     
  0.594540833333333        6.81621958333333      -0.116660954007217     
  0.594540833333333        7.11249000000000      -0.109005983897747     
  0.890811250000000       2.000000000000000E-003 -0.380396930615448     
  0.890811250000000       0.298270416666667      -0.418667289061764     
  0.890811250000000       0.594540833333333      -0.454896447763082     
  0.890811250000000       0.890811250000000      -0.485686442632080     
  0.890811250000000        1.18708166666667      -0.505414149950229     
  0.890811250000000        1.48335208333333      -0.511822607674810     
  0.890811250000000        1.77962250000000      -0.504532591078432     
  0.890811250000000        2.07589291666667      -0.485071178130443     
  0.890811250000000        2.37216333333333      -0.461110346062013     
  0.890811250000000        2.66843375000000      -0.432332423960399     
  0.890811250000000        2.96470416666667      -0.398217642235553     
  0.890811250000000        3.26097458333333      -0.361219712767795     
  0.890811250000000        3.55724500000000      -0.324536634784235     
  0.890811250000000        3.85351541666667      -0.290567954076308     
  0.890811250000000        4.14978583333333      -0.260340306384523     
  0.890811250000000        4.44605625000000      -0.233817413605290     
  0.890811250000000        4.74232666666667      -0.210568148427987     
  0.890811250000000        5.03859708333333      -0.190254726419430     
  0.890811250000000        5.33486750000000      -0.172707439938889     
  0.890811250000000        5.63113791666667      -0.157696929788223     
  0.890811250000000        5.92740833333333      -0.144889352047142     
  0.890811250000000        6.22367875000000      -0.133874079860144     
  0.890811250000000        6.51994916666667      -0.124304805643753     
  0.890811250000000        6.81621958333333      -0.115851195254281     
  0.890811250000000        7.11249000000000      -0.107509739132952     
   1.18708166666667       2.000000000000000E-003 -0.381498488370379     
   1.18708166666667       0.298270416666667      -0.426412066383157     
   1.18708166666667       0.594540833333333      -0.469265839458672     
   1.18708166666667       0.890811250000000      -0.505413754460888     
   1.18708166666667        1.18708166666667      -0.529937285612988     
   1.18708166666667        1.48335208333333      -0.539722012397556     
   1.18708166666667        1.77962250000000      -0.533534767792753     
   1.18708166666667        2.07589291666667      -0.515384954519991     
   1.18708166666667        2.37216333333333      -0.492062288255309     
   1.18708166666667        2.66843375000000      -0.461145735702009     
   1.18708166666667        2.96470416666667      -0.423644661397792     
   1.18708166666667        3.26097458333333      -0.382790831140856     
   1.18708166666667        3.55724500000000      -0.342287365472126     
   1.18708166666667        3.85351541666667      -0.304863849233972     
   1.18708166666667        4.14978583333333      -0.271645555393573     
   1.18708166666667        4.44605625000000      -0.242545912943006     
   1.18708166666667        4.74232666666667      -0.217089369932476     
   1.18708166666667        5.03859708333333      -0.194932360401561     
   1.18708166666667        5.33486750000000      -0.175888541913724     
   1.18708166666667        5.63113791666667      -0.159704438555638     
   1.18708166666667        5.92740833333333      -0.145966765251078     
   1.18708166666667        6.22367875000000      -0.134200555679160     
   1.18708166666667        6.51994916666667      -0.123962042813277     
   1.18708166666667        6.81621958333333      -0.114757911948319     
   1.18708166666667        7.11249000000000      -0.105918930121725     
   1.48335208333333       2.000000000000000E-003 -0.378857471405096     
   1.48335208333333       0.298270416666667      -0.426040545725483     
   1.48335208333333       0.594540833333333      -0.472000468155648     
   1.48335208333333       0.890811250000000      -0.511821634529268     
   1.48335208333333        1.18708166666667      -0.539721441622090     
   1.48335208333333        1.48335208333333      -0.551713577773640     
   1.48335208333333        1.77962250000000      -0.548013953988118     
   1.48335208333333        2.07589291666667      -0.536215254033381     
   1.48335208333333        2.37216333333333      -0.515471801943784     
   1.48335208333333        2.66843375000000      -0.485210645204389     
   1.48335208333333        2.96470416666667      -0.446762713174775     
   1.48335208333333        3.26097458333333      -0.402721321148961     
   1.48335208333333        3.55724500000000      -0.358681806676359     
   1.48335208333333        3.85351541666667      -0.317812551320219     
   1.48335208333333        4.14978583333333      -0.281597342569429     
   1.48335208333333        4.44605625000000      -0.249835295848841     
   1.48335208333333        4.74232666666667      -0.222188288613290     
   1.48335208333333        5.03859708333333      -0.198340703922654     
   1.48335208333333        5.33486750000000      -0.178069574689157     
   1.48335208333333        5.63113791666667      -0.161021480153922     
   1.48335208333333        5.92740833333333      -0.146642637203007     
   1.48335208333333        6.22367875000000      -0.134321857434557     
   1.48335208333333        6.51994916666667      -0.123513071059380     
   1.48335208333333        6.81621958333333      -0.113744771029970     
   1.48335208333333        7.11249000000000      -0.104608587670471     
   1.77962250000000       2.000000000000000E-003 -0.371211050399270     
   1.77962250000000       0.298270416666667      -0.417944080746513     
   1.77962250000000       0.594540833333333      -0.464111942013148     
   1.77962250000000       0.890811250000000      -0.504531013439719     
   1.77962250000000        1.18708166666667      -0.533533592309311     
   1.77962250000000        1.48335208333333      -0.548013343275240     
   1.77962250000000        1.77962250000000      -0.552770990422789     
   1.77962250000000        2.07589291666667      -0.548151856495899     
   1.77962250000000        2.37216333333333      -0.533728752400124     
   1.77962250000000        2.66843375000000      -0.504775009505422     
   1.77962250000000        2.96470416666667      -0.464286441861935     
   1.77962250000000        3.26097458333333      -0.418082967320832     
   1.77962250000000        3.55724500000000      -0.371326972731883     
   1.77962250000000        3.85351541666667      -0.327977561012523     
   1.77962250000000        4.14978583333333      -0.289239659552462     
   1.77962250000000        4.44605625000000      -0.255280929260713     
   1.77962250000000        4.74232666666667      -0.225693843252969     
   1.77962250000000        5.03859708333333      -0.200343657153710     
   1.77962250000000        5.33486750000000      -0.179167848017547     
   1.77962250000000        5.63113791666667      -0.161593047025780     
   1.77962250000000        5.92740833333333      -0.146849147616517     
   1.77962250000000        6.22367875000000      -0.134172634837298     
   1.77962250000000        6.51994916666667      -0.122966311503648     
   1.77962250000000        6.81621958333333      -0.112838903728223     
   1.77962250000000        7.11249000000000      -0.103541829410294     
   2.07589291666667       2.000000000000000E-003 -0.358579864687959     
   2.07589291666667       0.298270416666667      -0.402600340622713     
   2.07589291666667       0.594540833333333      -0.446597813782955     
   2.07589291666667       0.890811250000000      -0.485069114887090     
   2.07589291666667        1.18708166666667      -0.515383252493597     
   2.07589291666667        1.48335208333333      -0.536214059447885     
   2.07589291666667        1.77962250000000      -0.548151246362530     
   2.07589291666667        2.07589291666667      -0.551984643732117     
   2.07589291666667        2.37216333333333      -0.540030229149164     
   2.07589291666667        2.66843375000000      -0.512142521903377     
   2.07589291666667        2.96470416666667      -0.472270989851487     
   2.07589291666667        3.26097458333333      -0.426229577564534     
   2.07589291666667        3.55724500000000      -0.379003078832504     
   2.07589291666667        3.85351541666667      -0.334212297138343     
   2.07589291666667        4.14978583333333      -0.293580942230404     
   2.07589291666667        4.44605625000000      -0.257835070351898     
   2.07589291666667        4.74232666666667      -0.226939619675351     
   2.07589291666667        5.03859708333333      -0.200720349407890     
   2.07589291666667        5.33486750000000      -0.179105930649353     
   2.07589291666667        5.63113791666667      -0.161379132111533     
   2.07589291666667        5.92740833333333      -0.146526453549846     
   2.07589291666667        6.22367875000000      -0.133680593256663     
   2.07589291666667        6.51994916666667      -0.122250409475110     
   2.07589291666667        6.81621958333333      -0.111937982462959     
   2.07589291666667        7.11249000000000      -0.102591206432484     
   2.37216333333333       2.000000000000000E-003 -0.342232895149423     
   2.37216333333333       0.298270416666667      -0.382736244962541     
   2.37216333333333       0.594540833333333      -0.423593690709209     
   2.37216333333333       0.890811250000000      -0.461107880810809     
   2.37216333333333        1.18708166666667      -0.492060126677496     
   2.37216333333333        1.48335208333333      -0.515470099706856     
   2.37216333333333        1.77962250000000      -0.533727580456707     
   2.37216333333333        2.07589291666667      -0.540029662693521     
   2.37216333333333        2.37216333333333      -0.530261194216599     
   2.37216333333333        2.66843375000000      -0.505756563409311     
   2.37216333333333        2.96470416666667      -0.469574488728219     
   2.37216333333333        3.26097458333333      -0.426673980362664     
   2.37216333333333        3.55724500000000      -0.381673088056480     
   2.37216333333333        3.85351541666667      -0.337054133637610     
   2.37216333333333        4.14978583333333      -0.295079825133212     
   2.37216333333333        4.44605625000000      -0.257966324841180     
   2.37216333333333        4.74232666666667      -0.226284941264381     
   2.37216333333333        5.03859708333333      -0.199693156579381     
   2.37216333333333        5.33486750000000      -0.177911812658712     
   2.37216333333333        5.63113791666667      -0.160407280482982     
   2.37216333333333        5.92740833333333      -0.145643373414949     
   2.37216333333333        6.22367875000000      -0.132758778092717     
   2.37216333333333        6.51994916666667      -0.121247223803644     
   2.37216333333333        6.81621958333333      -0.110897851434935     
   2.37216333333333        7.11249000000000      -0.101617753934759     
   2.66843375000000       2.000000000000000E-003 -0.324509218525598     
   2.66843375000000       0.298270416666667      -0.361200011189301     
   2.66843375000000       0.594540833333333      -0.398204182531033     
   2.66843375000000       0.890811250000000      -0.432329685794411     
   2.66843375000000        1.18708166666667      -0.461143266951244     
   2.66843375000000        1.48335208333333      -0.485208580525526     
   2.66843375000000        1.77962250000000      -0.504773438276207     
   2.66843375000000        2.07589291666667      -0.512141558329252     
   2.66843375000000        2.37216333333333      -0.505756174730706     
   2.66843375000000        2.66843375000000      -0.486029585355337     
   2.66843375000000        2.96470416666667      -0.455262306299773     
   2.66843375000000        3.26097458333333      -0.418985296718245     
   2.66843375000000        3.55724500000000      -0.380625046962446     
   2.66843375000000        3.85351541666667      -0.338253933416251     
   2.66843375000000        4.14978583333333      -0.295351946507996     
   2.66843375000000        4.44605625000000      -0.257279916166094     
   2.66843375000000        4.74232666666667      -0.225107816603616     
   2.66843375000000        5.03859708333333      -0.198252645554852     
   2.66843375000000        5.33486750000000      -0.176261855187423     
   2.66843375000000        5.63113791666667      -0.158763047489139     
   2.66843375000000        5.92740833333333      -0.144168978803525     
   2.66843375000000        6.22367875000000      -0.131316074843729     
   2.66843375000000        6.51994916666667      -0.119825553023269     
   2.66843375000000        6.81621958333333      -0.109569598294707     
   2.66843375000000        7.11249000000000      -0.100466302474718     
   2.96470416666667       2.000000000000000E-003 -0.304449885516161     
   2.96470416666667       0.298270416666667      -0.336588237261418     
   2.96470416666667       0.594540833333333      -0.368700416013914     
   2.96470416666667       0.890811250000000      -0.398214843629061     
   2.96470416666667        1.18708166666667      -0.423642101593212     
   2.96470416666667        1.48335208333333      -0.446760493169493     
   2.96470416666667        1.77962250000000      -0.464284708884608     
   2.96470416666667        2.07589291666667      -0.472269856647321     
   2.96470416666667        2.37216333333333      -0.469573943154418     
   2.96470416666667        2.66843375000000      -0.455262196431150     
   2.96470416666667        2.96470416666667      -0.430921613248592     
   2.96470416666667        3.26097458333333      -0.404484685081470     
   2.96470416666667        3.55724500000000      -0.377919752526975     
   2.96470416666667        3.85351541666667      -0.339295482354589     
   2.96470416666667        4.14978583333333      -0.296764063532799     
   2.96470416666667        4.44605625000000      -0.258224530452547     
   2.96470416666667        4.74232666666667      -0.224953008474797     
   2.96470416666667        5.03859708333333      -0.197119297852196     
   2.96470416666667        5.33486750000000      -0.174480292266611     
   2.96470416666667        5.63113791666667      -0.156506920564558     
   2.96470416666667        5.92740833333333      -0.141972268933083     
   2.96470416666667        6.22367875000000      -0.129189997680217     
   2.96470416666667        6.51994916666667      -0.117836181472688     
   2.96470416666667        6.81621958333333      -0.107817472398085     
   2.96470416666667        7.11249000000000      -9.901374876937952E-002
   3.26097458333333       2.000000000000000E-003 -0.282546188883718     
   3.26097458333333       0.298270416666667      -0.309729158473896     
   3.26097458333333       0.594540833333333      -0.336593985575845     
   3.26097458333333       0.890811250000000      -0.361217081571034     
   3.26097458333333        1.18708166666667      -0.382788407158730     
   3.26097458333333        1.48335208333333      -0.402719198510901     
   3.26097458333333        1.77962250000000      -0.418081295084614     
   3.26097458333333        2.07589291666667      -0.426228456814485     
   3.26097458333333        2.37216333333333      -0.426673414406351     
   3.26097458333333        2.66843375000000      -0.418985205009887     
   3.26097458333333        2.96470416666667      -0.404484859685663     
   3.26097458333333        3.26097458333333      -0.392272652232365     
   3.26097458333333        3.55724500000000      -0.375122768612341     
   3.26097458333333        3.85351541666667      -0.338327815603169     
   3.26097458333333        4.14978583333333      -0.302477379247733     
   3.26097458333333        4.44605625000000      -0.262463163285384     
   3.26097458333333        4.74232666666667      -0.225686345492287     
   3.26097458333333        5.03859708333333      -0.195530070590266     
   3.26097458333333        5.33486750000000      -0.171820206989467     
   3.26097458333333        5.63113791666667      -0.153394197560358     
   3.26097458333333        5.92740833333333      -0.138768106216211     
   3.26097458333333        6.22367875000000      -0.126156232705111     
   3.26097458333333        6.51994916666667      -0.115109748071680     
   3.26097458333333        6.81621958333333      -0.105504980805414     
   3.26097458333333        7.11249000000000      -9.713529308140249E-002
   3.55724500000000       2.000000000000000E-003 -0.260165952143324     
   3.55724500000000       0.298270416666667      -0.282553720664012     
   3.55724500000000       0.594540833333333      -0.304464005533362     
   3.55724500000000       0.890811250000000      -0.324534352165474     
   3.55724500000000        1.18708166666667      -0.342285257810988     
   3.55724500000000        1.48335208333333      -0.358679961362339     
   3.55724500000000        1.77962250000000      -0.371325515502802     
   3.55724500000000        2.07589291666667      -0.379002063297819     
   3.55724500000000        2.37216333333333      -0.381672483225482     
   3.55724500000000        2.66843375000000      -0.380624745377159     
   3.55724500000000        2.96470416666667      -0.377919611299485     
   3.55724500000000        3.26097458333333      -0.375122708755150     
   3.55724500000000        3.55724500000000      -0.362045307027373     
   3.55724500000000        3.85351541666667      -0.344323682753068     
   3.55724500000000        4.14978583333333      -0.312019096928390     
   3.55724500000000        4.44605625000000      -0.265084940261988     
   3.55724500000000        4.74232666666667      -0.223138303696281     
   3.55724500000000        5.03859708333333      -0.190810722071749     
   3.55724500000000        5.33486750000000      -0.166680920625842     
   3.55724500000000        5.63113791666667      -0.148480223542925     
   3.55724500000000        5.92740833333333      -0.134186758297593     
   3.55724500000000        6.22367875000000      -0.122022645104081     
   3.55724500000000        6.51994916666667      -0.111534874689004     
   3.55724500000000        6.81621958333333      -0.102545968277056     
   3.55724500000000        7.11249000000000      -9.473948796537594E-002
   3.85351541666667       2.000000000000000E-003 -0.238609010467892     
   3.85351541666667       0.298270416666667      -0.256785989451467     
   3.85351541666667       0.594540833333333      -0.274419578483106     
   3.85351541666667       0.890811250000000      -0.290566117878897     
   3.85351541666667        1.18708166666667      -0.304862153909927     
   3.85351541666667        1.48335208333333      -0.317811077239391     
   3.85351541666667        1.77962250000000      -0.327976384461327     
   3.85351541666667        2.07589291666667      -0.334211428631344     
   3.85351541666667        2.37216333333333      -0.337053494176231     
   3.85351541666667        2.66843375000000      -0.338253363492910     
   3.85351541666667        2.96470416666667      -0.339294840798435     
   3.85351541666667        3.26097458333333      -0.338327293704655     
   3.85351541666667        3.55724500000000      -0.344323238072006     
   3.85351541666667        3.85351541666667      -0.340910916245406     
   3.85351541666667        4.14978583333333      -0.303633374936179     
   3.85351541666667        4.44605625000000      -0.253863965594799     
   3.85351541666667        4.74232666666667      -0.211621240099402     
   3.85351541666667        5.03859708333333      -0.180359815034142     
   3.85351541666667        5.33486750000000      -0.157836873064685     
   3.85351541666667        5.63113791666667      -0.141225435213777     
   3.85351541666667        5.92740833333333      -0.128061482740988     
   3.85351541666667        6.22367875000000      -0.116777005925483     
   3.85351541666667        6.51994916666667      -0.107147897108872     
   3.85351541666667        6.81621958333333      -9.896806206568028E-002
   3.85351541666667        7.11249000000000      -9.182222054897547E-002
   4.14978583333333       2.000000000000000E-003 -0.218659453886708     
   4.14978583333333       0.298270416666667      -0.233358691191774     
   4.14978583333333       0.594540833333333      -0.247469409724017     
   4.14978583333333       0.890811250000000      -0.260338928881559     
   4.14978583333333        1.18708166666667      -0.271644282187917     
   4.14978583333333        1.48335208333333      -0.281596240964109     
   4.14978583333333        1.77962250000000      -0.289238771867101     
   4.14978583333333        2.07589291666667      -0.293580251797730     
   4.14978583333333        2.37216333333333      -0.295079256236505     
   4.14978583333333        2.66843375000000      -0.295351397601390     
   4.14978583333333        2.96470416666667      -0.296763507902338     
   4.14978583333333        3.26097458333333      -0.302476889216611     
   4.14978583333333        3.55724500000000      -0.312018440985756     
   4.14978583333333        3.85351541666667      -0.303632790265878     
   4.14978583333333        4.14978583333333      -0.268993074556869     
   4.14978583333333        4.44605625000000      -0.226906741398569     
   4.14978583333333        4.74232666666667      -0.191161799389458     
   4.14978583333333        5.03859708333333      -0.164743399260049     
   4.14978583333333        5.33486750000000      -0.145918160888449     
   4.14978583333333        5.63113791666667      -0.132086019484732     
   4.14978583333333        5.92740833333333      -0.120706223666037     
   4.14978583333333        6.22367875000000      -0.110689705980858     
   4.14978583333333        6.51994916666667      -0.102177662679157     
   4.14978583333333        6.81621958333333      -9.494198016349523E-002
   4.14978583333333        7.11249000000000      -8.849788679069090E-002
   4.44605625000000       2.000000000000000E-003 -0.200547519966482     
   4.44605625000000       0.298270416666667      -0.212448207726369     
   4.44605625000000       0.594540833333333      -0.223688205670850     
   4.44605625000000       0.890811250000000      -0.233816444713802     
   4.44605625000000        1.18708166666667      -0.242545012747691     
   4.44605625000000        1.48335208333333      -0.249834515838404     
   4.44605625000000        1.77962250000000      -0.255280294534274     
   4.44605625000000        2.07589291666667      -0.257834561216406     
   4.44605625000000        2.37216333333333      -0.257965892461591     
   4.44605625000000        2.66843375000000      -0.257279513516543     
   4.44605625000000        2.96470416666667      -0.258224132778638     
   4.44605625000000        3.26097458333333      -0.262462697018885     
   4.44605625000000        3.55724500000000      -0.265084247105115     
   4.44605625000000        3.85351541666667      -0.253863211979925     
   4.44605625000000        4.14978583333333      -0.226906326086917     
   4.44605625000000        4.44605625000000      -0.195264442540192     
   4.44605625000000        4.74232666666667      -0.167958592269043     
   4.44605625000000        5.03859708333333      -0.147564936616418     
   4.44605625000000        5.33486750000000      -0.133151183484667     
   4.44605625000000        5.63113791666667      -0.122461685420295     
   4.44605625000000        5.92740833333333      -0.112828570617659     
   4.44605625000000        6.22367875000000      -0.104258151275216     
   4.44605625000000        6.51994916666667      -9.698856258066173E-002
   4.44605625000000        6.81621958333333      -9.072607957714723E-002
   4.44605625000000        7.11249000000000      -8.495353078264525E-002
   4.74232666666667       2.000000000000000E-003 -0.184236943817371     
   4.74232666666667       0.298270416666667      -0.193880683528088     
   4.74232666666667       0.594540833333333      -0.202756387214927     
   4.74232666666667       0.890811250000000      -0.210567508929004     
   4.74232666666667        1.18708166666667      -0.217088768782646     
   4.74232666666667        1.48335208333333      -0.222187758913161     
   4.74232666666667        1.77962250000000      -0.225693404387108     
   4.74232666666667        2.07589291666667      -0.226939260521235     
   4.74232666666667        2.37216333333333      -0.226284631343598     
   4.74232666666667        2.66843375000000      -0.225107523775827     
   4.74232666666667        2.96470416666667      -0.224952686241150     
   4.74232666666667        3.26097458333333      -0.225685902597496     
   4.74232666666667        3.55724500000000      -0.223137664607621     
   4.74232666666667        3.85351541666667      -0.211620517874078     
   4.74232666666667        4.14978583333333      -0.191161246316864     
   4.74232666666667        4.44605625000000      -0.167958340019163     
   4.74232666666667        4.74232666666667      -0.147710017682101     
   4.74232666666667        5.03859708333333      -0.132532820599131     
   4.74232666666667        5.33486750000000      -0.121884258193692     
   4.74232666666667        5.63113791666667      -0.113348733462383     
   4.74232666666667        5.92740833333333      -0.105162928804019     
   4.74232666666667        6.22367875000000      -9.800453071106809E-002
   4.74232666666667        6.51994916666667      -9.193337474192226E-002
   4.74232666666667        6.81621958333333      -8.655654194617783E-002
   4.74232666666667        7.11249000000000      -8.136998641727822E-002
   5.03859708333333       2.000000000000000E-003 -0.169759157350572     
   5.03859708333333       0.298270416666667      -0.177542904818450     
   5.03859708333333       0.594540833333333      -0.184420446686454     
   5.03859708333333       0.890811250000000      -0.190254337209787     
   5.03859708333333        1.18708166666667      -0.194931984066380     
   5.03859708333333        1.48335208333333      -0.198340360209178     
   5.03859708333333        1.77962250000000      -0.200343357018413     
   5.03859708333333        2.07589291666667      -0.200720096015904     
   5.03859708333333        2.37216333333333      -0.199692931911205     
   5.03859708333333        2.66843375000000      -0.198252421285082     
   5.03859708333333        2.96470416666667      -0.197119027594959     
   5.03859708333333        3.26097458333333      -0.195529689185559     
   5.03859708333333        3.55724500000000      -0.190810196985989     
   5.03859708333333        3.85351541666667      -0.180359218942843     
   5.03859708333333        4.14978583333333      -0.164742884589354     
   5.03859708333333        4.44605625000000      -0.147564612152094     
   5.03859708333333        4.74232666666667      -0.132532693038476     
   5.03859708333333        5.03859708333333      -0.121240410244376     
   5.03859708333333        5.33486750000000      -0.112922130776634     
   5.03859708333333        5.63113791666667      -0.105164621410370     
   5.03859708333333        5.92740833333333      -9.818610565021224E-002
   5.03859708333333        6.22367875000000      -9.225136372448317E-002
   5.03859708333333        6.51994916666667      -8.718401124333609E-002
   5.03859708333333        6.81621958333333      -8.254553193917830E-002
   5.03859708333333        7.11249000000000      -7.786671251078414E-002
   5.33486750000000       2.000000000000000E-003 -0.157180651467304     
   5.33486750000000       0.298270416666667      -0.163403593475150     
   5.33486750000000       0.594540833333333      -0.168556772157768     
   5.33486750000000       0.890811250000000      -0.172707233274584     
   5.33486750000000        1.18708166666667      -0.175888327907516     
   5.33486750000000        1.48335208333333      -0.178069362621152     
   5.33486750000000        1.77962250000000      -0.179167646360369     
   5.33486750000000        2.07589291666667      -0.179105743793809     
   5.33486750000000        2.37216333333333      -0.177911641263836     
   5.33486750000000        2.66843375000000      -0.176261680767466     
   5.33486750000000        2.96470416666667      -0.174480081165561     
   5.33486750000000        3.26097458333333      -0.171819919446052     
   5.33486750000000        3.55724500000000      -0.166680542982860     
   5.33486750000000        3.85351541666667      -0.157836447380594     
   5.33486750000000        4.14978583333333      -0.145917776064964     
   5.33486750000000        4.44605625000000      -0.133150912693265     
   5.33486750000000        4.74232666666667      -0.121884120019540     
   5.33486750000000        5.03859708333333      -0.112922089297741     
   5.33486750000000        5.33486750000000      -0.105005410248806     
   5.33486750000000        5.63113791666667      -9.800975741019852E-002
   5.33486750000000        5.92740833333333      -9.202354682257098E-002
   5.33486750000000        6.22367875000000      -8.704614870328421E-002
   5.33486750000000        6.51994916666667      -8.279307898561505E-002
   5.33486750000000        6.81621958333333      -7.878208933044840E-002
   5.33486750000000        7.11249000000000      -7.459536753563412E-002
   5.63113791666667       2.000000000000000E-003 -0.146513708736572     
   5.63113791666667       0.298270416666667      -0.151374208278334     
   5.63113791666667       0.594540833333333      -0.154982685310226     
   5.63113791666667       0.890811250000000      -0.157696835321586     
   5.63113791666667        1.18708166666667      -0.159704328895543     
   5.63113791666667        1.48335208333333      -0.161021354165834     
   5.63113791666667        1.77962250000000      -0.161592909449636     
   5.63113791666667        2.07589291666667      -0.161378989830713     
   5.63113791666667        2.37216333333333      -0.160407137568077     
   5.63113791666667        2.66843375000000      -0.158762903260445     
   5.63113791666667        2.96470416666667      -0.156506764076522     
   5.63113791666667        3.26097458333333      -0.153394006846750     
   5.63113791666667        3.55724500000000      -0.148479991077755     
   5.63113791666667        3.85351541666667      -0.141225182791496     
   5.63113791666667        4.14978583333333      -0.132085792180734     
   5.63113791666667        4.44605625000000      -0.122461524047949     
   5.63113791666667        4.74232666666667      -0.113348647004638     
   5.63113791666667        5.03859708333333      -0.105164592608684     
   5.63113791666667        5.33486750000000      -9.800975839460285E-002
   5.63113791666667        5.63113791666667      -9.185048284249211E-002
   5.63113791666667        5.92740833333333      -8.670564245158097E-002
   5.63113791666667        6.22367875000000      -8.252304522014567E-002
   5.63113791666667        6.51994916666667      -7.894936557393580E-002
   5.63113791666667        6.81621958333333      -7.547348577884511E-002
   5.63113791666667        7.11249000000000      -7.172527214761862E-002
   5.92740833333333       2.000000000000000E-003 -0.137720244989755     
   5.92740833333333       0.298270416666667      -0.141316223954713     
   5.92740833333333       0.594540833333333      -0.143432984485630     
   5.92740833333333       0.890811250000000      -0.144889312389205     
   5.92740833333333        1.18708166666667      -0.145966709281445     
   5.92740833333333        1.48335208333333      -0.146642558061939     
   5.92740833333333        1.77962250000000      -0.146849045413670     
   5.92740833333333        2.07589291666667      -0.146526337876394     
   5.92740833333333        2.37216333333333      -0.145643251773421     
   5.92740833333333        2.66843375000000      -0.144168855826347     
   5.92740833333333        2.96470416666667      -0.141972145126465     
   5.92740833333333        3.26097458333333      -0.138767978627845     
   5.92740833333333        3.55724500000000      -0.134186626507864     
   5.92740833333333        3.85351541666667      -0.128061355752146     
   5.92740833333333        4.14978583333333      -0.120706118511486     
   5.92740833333333        4.44605625000000      -0.112828502386621     
   5.92740833333333        4.74232666666667      -0.105162902204092     
   5.92740833333333        5.03859708333333      -9.818611462373701E-002
   5.92740833333333        5.33486750000000      -9.202357815240367E-002
   5.92740833333333        5.63113791666667      -8.670566917776110E-002
   5.92740833333333        5.92740833333333      -8.234302167042666E-002
   5.92740833333333        6.22367875000000      -7.884230569249732E-002
   5.92740833333333        6.51994916666667      -7.582599263358086E-002
   5.92740833333333        6.81621958333333      -7.276548505954190E-002
   5.92740833333333        7.11249000000000      -6.933684450047746E-002
   6.22367875000000       2.000000000000000E-003 -0.130538858297283     
   6.22367875000000       0.298270416666667      -0.132818591629336     
   6.22367875000000       0.594540833333333      -0.133451895333391     
   6.22367875000000       0.890811250000000      -0.133874067073022     
   6.22367875000000        1.18708166666667      -0.134200525944989     
   6.22367875000000        1.48335208333333      -0.134321800508843     
   6.22367875000000        1.77962250000000      -0.134172549630326     
   6.22367875000000        2.07589291666667      -0.133680492420495     
   6.22367875000000        2.37216333333333      -0.132758673011483     
   6.22367875000000        2.66843375000000      -0.131315972948125     
   6.22367875000000        2.96470416666667      -0.129189904673167     
   6.22367875000000        3.26097458333333      -0.126156151974516     
   6.22367875000000        3.55724500000000      -0.122022579145400     
   6.22367875000000        3.85351541666667      -0.116776958405166     
   6.22367875000000        4.14978583333333      -0.110689681601841     
   6.22367875000000        4.44605625000000      -0.104258153442160     
   6.22367875000000        4.74232666666667      -9.800455967194108E-002
   6.22367875000000        5.03859708333333      -9.225141775793144E-002
   6.22367875000000        5.33486750000000      -8.704621850212134E-002
   6.22367875000000        5.63113791666667      -8.252310674486531E-002
   6.22367875000000        5.92740833333333      -7.884234079164563E-002
   6.22367875000000        6.22367875000000      -7.594853159605248E-002
   6.22367875000000        6.51994916666667      -7.345768513069402E-002
   6.22367875000000        6.81621958333333      -7.069094512092164E-002
   6.22367875000000        7.11249000000000      -6.736452113240184E-002
   6.51994916666667       2.000000000000000E-003 -0.124039188795842     
   6.51994916666667       0.298270416666667      -0.124943347469723     
   6.51994916666667       0.594540833333333      -0.124535189301889     
   6.51994916666667       0.890811250000000      -0.124304823492977     
   6.51994916666667        1.18708166666667      -0.123962035121726     
   6.51994916666667        1.48335208333333      -0.123513029115871     
   6.51994916666667        1.77962250000000      -0.122966237869437     
   6.51994916666667        2.07589291666667      -0.122250319835624     
   6.51994916666667        2.37216333333333      -0.121247135497523     
   6.51994916666667        2.66843375000000      -0.119825473458187     
   6.51994916666667        2.96470416666667      -0.117836117839445     
   6.51994916666667        3.26097458333333      -0.115109705751250     
   6.51994916666667        3.55724500000000      -0.111534856652172     
   6.51994916666667        3.85351541666667      -0.107147904189216     
   6.51994916666667        4.14978583333333      -0.102177693777979     
   6.51994916666667        4.44605625000000      -9.698861498693735E-002
   6.51994916666667        4.74232666666667      -9.193344554085246E-002
   6.51994916666667        5.03859708333333      -8.718410102439317E-002
   6.51994916666667        5.33486750000000      -8.279317604711597E-002
   6.51994916666667        5.63113791666667      -7.894945251944718E-002
   6.51994916666667        5.92740833333333      -7.582605592135182E-002
   6.51994916666667        6.22367875000000      -7.345771597623529E-002
   6.51994916666667        6.51994916666667      -7.152017710745755E-002
   6.51994916666667        6.81621958333333      -6.906320789958846E-002
   6.51994916666667        7.11249000000000      -6.561703186167357E-002
   6.81621958333333       2.000000000000000E-003 -0.115979988424326     
   6.81621958333333       0.298270416666667      -0.116725912519327     
   6.81621958333333       0.594540833333333      -0.116661055386076     
   6.81621958333333       0.890811250000000      -0.115851256182403     
   6.81621958333333        1.18708166666667      -0.114757926128008     
   6.81621958333333        1.48335208333333      -0.113744742797869     
   6.81621958333333        1.77962250000000      -0.112838842865800     
   6.81621958333333        2.07589291666667      -0.111937907027881     
   6.81621958333333        2.37216333333333      -0.110897782364337     
   6.81621958333333        2.66843375000000      -0.109569542271217     
   6.81621958333333        2.96470416666667      -0.107817435766942     
   6.81621958333333        3.26097458333333      -0.105504968750192     
   6.81621958333333        3.55724500000000      -0.102545983247725     
   6.81621958333333        3.85351541666667      -9.896810319884716E-002
   6.81621958333333        4.14978583333333      -9.494204349556058E-002
   6.81621958333333        4.44605625000000      -9.072615925782879E-002
   6.81621958333333        4.74232666666667      -8.655663299709034E-002
   6.81621958333333        5.03859708333333      -8.254563354856080E-002
   6.81621958333333        5.33486750000000      -7.878219192993294E-002
   6.81621958333333        5.63113791666667      -7.547357797309370E-002
   6.81621958333333        5.92740833333333      -7.276555791528533E-002
   6.81621958333333        6.22367875000000      -7.069099178657240E-002
   6.81621958333333        6.51994916666667      -6.906322561748113E-002
   6.81621958333333        6.81621958333333      -6.694187706845657E-002
   6.81621958333333        7.11249000000000      -6.355379207263355E-002
   7.11249000000000       2.000000000000000E-003 -0.106293923947746     
   7.11249000000000       0.298270416666667      -0.108943385729164     
   7.11249000000000       0.594540833333333      -0.109006119115478     
   7.11249000000000       0.890811250000000      -0.107509811446009     
   7.11249000000000        1.18708166666667      -0.105918946989980     
   7.11249000000000        1.48335208333333      -0.104608565751022     
   7.11249000000000        1.77962250000000      -0.103541781009620     
   7.11249000000000        2.07589291666667      -0.102591147181608     
   7.11249000000000        2.37216333333333      -0.101617704446746     
   7.11249000000000        2.66843375000000      -0.100466267681053     
   7.11249000000000        2.96470416666667      -9.901373308127834E-002
   7.11249000000000        3.26097458333333      -9.713530043412630E-002
   7.11249000000000        3.55724500000000      -9.473951992160076E-002
   7.11249000000000        3.85351541666667      -9.182227533189066E-002
   7.11249000000000        4.14978583333333      -8.849795938874144E-002
   7.11249000000000        4.44605625000000      -8.495361428414433E-002
   7.11249000000000        4.74232666666667      -8.137007473820534E-002
   7.11249000000000        5.03859708333333      -7.786680299590223E-002
   7.11249000000000        5.33486750000000      -7.459545406164210E-002
   7.11249000000000        5.63113791666667      -7.172534879650888E-002
   7.11249000000000        5.92740833333333      -6.933690671235548E-002
   7.11249000000000        6.22367875000000      -6.736456734213429E-002
   7.11249000000000        6.51994916666667      -6.561706064966107E-002
   7.11249000000000        6.81621958333333      -6.355380086905707E-002
   7.11249000000000        7.11249000000000      -6.013877119160572E-002
