  2.000000000000000E-003  2.000000000000000E-003  -1.83574838980594     
  2.000000000000000E-003  0.298270416666667       -1.80620787363969     
  2.000000000000000E-003  0.594540833333333       -1.58343860788536     
  2.000000000000000E-003  0.890811250000000       -1.27156214860594     
  2.000000000000000E-003   1.18708166666667      -0.993548173236671     
  2.000000000000000E-003   1.48335208333333      -0.776282627601922     
  2.000000000000000E-003   1.77962250000000      -0.612641382943136     
  2.000000000000000E-003   2.07589291666667      -0.490979574996746     
  2.000000000000000E-003   2.37216333333333      -0.401147199967034     
  2.000000000000000E-003   2.66843375000000      -0.334651690615085     
  2.000000000000000E-003   2.96470416666667      -0.285080371307732     
  2.000000000000000E-003   3.26097458333333      -0.247554057857470     
  2.000000000000000E-003   3.55724500000000      -0.218256610037108     
  2.000000000000000E-003   3.85351541666667      -0.194436397117762     
  2.000000000000000E-003   4.14978583333333      -0.174359971505041     
  2.000000000000000E-003   4.44605625000000      -0.157095694737492     
  2.000000000000000E-003   4.74232666666667      -0.142178284118787     
  2.000000000000000E-003   5.03859708333333      -0.129295777589940     
  2.000000000000000E-003   5.33486750000000      -0.118090233770381     
  2.000000000000000E-003   5.63113791666667      -0.108302383827508     
  2.000000000000000E-003   5.92740833333333      -9.971973270455410E-002
  2.000000000000000E-003   6.22367875000000      -9.213922789171938E-002
  2.000000000000000E-003   6.51994916666667      -8.526817873371188E-002
  2.000000000000000E-003   6.81621958333333      -7.850831942177032E-002
  2.000000000000000E-003   7.11249000000000      -7.164040123531357E-002
  0.298270416666667       2.000000000000000E-003  -1.80620752424518     
  0.298270416666667       0.298270416666667       -1.72597861422289     
  0.298270416666667       0.594540833333333       -1.50081620659545     
  0.298270416666667       0.890811250000000       -1.21730818470627     
  0.298270416666667        1.18708166666667      -0.961077087514905     
  0.298270416666667        1.48335208333333      -0.756670433125491     
  0.298270416666667        1.77962250000000      -0.600496486041928     
  0.298270416666667        2.07589291666667      -0.483209135246551     
  0.298270416666667        2.37216333333333      -0.396011900417450     
  0.298270416666667        2.66843375000000      -0.331144962385595     
  0.298270416666667        2.96470416666667      -0.282616519716317     
  0.298270416666667        3.26097458333333      -0.245766599432966     
  0.298270416666667        3.55724500000000      -0.216912455573360     
  0.298270416666667        3.85351541666667      -0.193388809377417     
  0.298270416666667        4.14978583333333      -0.173520153579092     
  0.298270416666667        4.44605625000000      -0.156409021243509     
  0.298270416666667        4.74232666666667      -0.141606596827380     
  0.298270416666667        5.03859708333333      -0.128810825526758     
  0.298270416666667        5.33486750000000      -0.117676753366618     
  0.298270416666667        5.63113791666667      -0.107945311072534     
  0.298270416666667        5.92740833333333      -9.941049609268131E-002
  0.298270416666667        6.22367875000000      -9.187599715312934E-002
  0.298270416666667        6.51994916666667      -8.501932019725150E-002
  0.298270416666667        6.81621958333333      -7.791478549746650E-002
  0.298270416666667        7.11249000000000      -7.035572227691721E-002
  0.594540833333333       2.000000000000000E-003  -1.58343812010477     
  0.594540833333333       0.298270416666667       -1.50081593431531     
  0.594540833333333       0.594540833333333       -1.30907187465928     
  0.594540833333333       0.890811250000000       -1.08534765695977     
  0.594540833333333        1.18708166666667      -0.877381482614427     
  0.594540833333333        1.48335208333333      -0.704097139895412     
  0.594540833333333        1.77962250000000      -0.567077410109468     
  0.594540833333333        2.07589291666667      -0.461521720945616     
  0.594540833333333        2.37216333333333      -0.381539749084405     
  0.594540833333333        2.66843375000000      -0.321207083601007     
  0.594540833333333        2.96470416666667      -0.275609354983545     
  0.594540833333333        3.26097458333333      -0.240667309769792     
  0.594540833333333        3.55724500000000      -0.213066543813514     
  0.594540833333333        3.85351541666667      -0.190386112326839     
  0.594540833333333        4.14978583333333      -0.171110413241669     
  0.594540833333333        4.44605625000000      -0.154435841901085     
  0.594540833333333        4.74232666666667      -0.139960555574049     
  0.594540833333333        5.03859708333333      -0.127406490853704     
  0.594540833333333        5.33486750000000      -0.116463607636410     
  0.594540833333333        5.63113791666667      -0.106867370269603     
  0.594540833333333        5.92740833333333      -9.839999714697799E-002
  0.594540833333333        6.22367875000000      -9.080007289439902E-002
  0.594540833333333        6.51994916666667      -8.355277264168455E-002
  0.594540833333333        6.81621958333333      -7.577689811428701E-002
  0.594540833333333        7.11249000000000      -6.843151168371285E-002
  0.890811250000000       2.000000000000000E-003  -1.27156220463909     
  0.890811250000000       0.298270416666667       -1.21730830966958     
  0.890811250000000       0.594540833333333       -1.08534784146739     
  0.890811250000000       0.890811250000000      -0.924919745199336     
  0.890811250000000        1.18708166666667      -0.768848975840670     
  0.890811250000000        1.48335208333333      -0.632317119822719     
  0.890811250000000        1.77962250000000      -0.519611929975173     
  0.890811250000000        2.07589291666667      -0.429834949729034     
  0.890811250000000        2.37216333333333      -0.360003833245446     
  0.890811250000000        2.66843375000000      -0.306279295604959     
  0.890811250000000        2.96470416666667      -0.265023158818207     
  0.890811250000000        3.26097458333333      -0.232929938937893     
  0.890811250000000        3.55724500000000      -0.207208824290105     
  0.890811250000000        3.85351541666667      -0.185798669057272     
  0.890811250000000        4.14978583333333      -0.167418921840018     
  0.890811250000000        4.44605625000000      -0.151403912822389     
  0.890811250000000        4.74232666666667      -0.137422683765712     
  0.890811250000000        5.03859708333333      -0.125232859739415     
  0.890811250000000        5.33486750000000      -0.114563175732371     
  0.890811250000000        5.63113791666667      -0.105148075943243     
  0.890811250000000        5.92740833333333      -9.674501396630335E-002
  0.890811250000000        6.22367875000000      -8.905065457891329E-002
  0.890811250000000        6.51994916666667      -8.162177937246703E-002
  0.890811250000000        6.81621958333333      -7.416634628943204E-002
  0.890811250000000        7.11249000000000      -6.754331074020195E-002
   1.18708166666667       2.000000000000000E-003 -0.993548796301631     
   1.18708166666667       0.298270416666667      -0.961077746461279     
   1.18708166666667       0.594540833333333      -0.877382068691384     
   1.18708166666667       0.890811250000000      -0.768849320767494     
   1.18708166666667        1.18708166666667      -0.657122370413168     
   1.18708166666667        1.48335208333333      -0.554366512560858     
   1.18708166666667        1.77962250000000      -0.465819024031410     
   1.18708166666667        2.07589291666667      -0.392754641524629     
   1.18708166666667        2.37216333333333      -0.334244640144373     
   1.18708166666667        2.66843375000000      -0.288152664070042     
   1.18708166666667        2.96470416666667      -0.252015809879151     
   1.18708166666667        3.26097458333333      -0.223336452289047     
   1.18708166666667        3.55724500000000      -0.199901268960609     
   1.18708166666667        3.85351541666667      -0.180054021793310     
   1.18708166666667        4.14978583333333      -0.162783753687517     
   1.18708166666667        4.44605625000000      -0.147586890786618     
   1.18708166666667        4.74232666666667      -0.134217727180136     
   1.18708166666667        5.03859708333333      -0.122480515897273     
   1.18708166666667        5.33486750000000      -0.112138991037252     
   1.18708166666667        5.63113791666667      -0.102950848170254     
   1.18708166666667        5.92740833333333      -9.467933876866175E-002
   1.18708166666667        6.22367875000000      -8.706251891659347E-002
   1.18708166666667        6.51994916666667      -7.983630660555237E-002
   1.18708166666667        6.81621958333333      -7.296001404199488E-002
   1.18708166666667        7.11249000000000      -6.686408164928023E-002
   1.48335208333333       2.000000000000000E-003 -0.776283616828948     
   1.48335208333333       0.298270416666667      -0.756671469964611     
   1.48335208333333       0.594540833333333      -0.704098067553798     
   1.48335208333333       0.890811250000000      -0.632317789233189     
   1.48335208333333        1.18708166666667      -0.554366839342782     
   1.48335208333333        1.48335208333333      -0.479257004058777     
   1.48335208333333        1.77962250000000      -0.411835878904288     
   1.48335208333333        2.07589291666667      -0.354324443930381     
   1.48335208333333        2.37216333333333      -0.306809291793287     
   1.48335208333333        2.66843375000000      -0.268353406114241     
   1.48335208333333        2.96470416666667      -0.237473206336792     
   1.48335208333333        3.26097458333333      -0.212474176093429     
   1.48335208333333        3.55724500000000      -0.191559147708206     
   1.48335208333333        3.85351541666667      -0.173479374110326     
   1.48335208333333        4.14978583333333      -0.157473903316857     
   1.48335208333333        4.44605625000000      -0.143214667784954     
   1.48335208333333        4.74232666666667      -0.130544966871581     
   1.48335208333333        5.03859708333333      -0.119321180889592     
   1.48335208333333        5.33486750000000      -0.109357008374934     
   1.48335208333333        5.63113791666667      -0.100444683177103     
   1.48335208333333        5.92740833333333      -9.239225759835450E-002
   1.48335208333333        6.22367875000000      -8.500869598442352E-002
   1.48335208333333        6.51994916666667      -7.813591873494966E-002
   1.48335208333333        6.81621958333333      -7.175085922003945E-002
   1.48335208333333        7.11249000000000      -6.601350588487313E-002
   1.77962250000000       2.000000000000000E-003 -0.612642523202187     
   1.77962250000000       0.298270416666667      -0.600497687826477     
   1.77962250000000       0.594540833333333      -0.567078508763409     
   1.77962250000000       0.890811250000000      -0.519612786565143     
   1.77962250000000        1.18708166666667      -0.465819565595258     
   1.77962250000000        1.48335208333333      -0.411836118581370     
   1.77962250000000        1.77962250000000      -0.361680535812740     
   1.77962250000000        2.07589291666667      -0.317324479148791     
   1.77962250000000        2.37216333333333      -0.279413886845546     
   1.77962250000000        2.66843375000000      -0.248136633925894     
   1.77962250000000        2.96470416666667      -0.222503606588351     
   1.77962250000000        3.26097458333333      -0.201109978718401     
   1.77962250000000        3.55724500000000      -0.182715005920370     
   1.77962250000000        3.85351541666667      -0.166414198563740     
   1.77962250000000        4.14978583333333      -0.151745631058958     
   1.77962250000000        4.44605625000000      -0.138483450238948     
   1.77962250000000        4.74232666666667      -0.126553619833681     
   1.77962250000000        5.03859708333333      -0.115885714283842     
   1.77962250000000        5.33486750000000      -0.106327020361751     
   1.77962250000000        5.63113791666667      -9.773335698478733E-002
   1.77962250000000        5.92740833333333      -8.996579135460801E-002
   1.77962250000000        6.22367875000000      -8.289337625503015E-002
   1.77962250000000        6.51994916666667      -7.639449359147293E-002
   1.77962250000000        6.81621958333333      -7.041143096353049E-002
   1.77962250000000        7.11249000000000      -6.496421265133034E-002
   2.07589291666667       2.000000000000000E-003 -0.490980682048199     
   2.07589291666667       0.298270416666667      -0.483210300283797     
   2.07589291666667       0.594540833333333      -0.461522807318821     
   2.07589291666667       0.890811250000000      -0.429835838632507     
   2.07589291666667        1.18708166666667      -0.392755288592522     
   2.07589291666667        1.48335208333333      -0.354324850583518     
   2.07589291666667        1.77962250000000      -0.317324667937939     
   2.07589291666667        2.07589291666667      -0.283381844673515     
   2.07589291666667        2.37216333333333      -0.253962579544931     
   2.07589291666667        2.66843375000000      -0.229196447357228     
   2.07589291666667        2.96470416666667      -0.208304340963484     
   2.07589291666667        3.26097458333333      -0.190176113004432     
   2.07589291666667        3.55724500000000      -0.174002275782447     
   2.07589291666667        3.85351541666667      -0.159353786267424     
   2.07589291666667        4.14978583333333      -0.145974558293172     
   2.07589291666667        4.44605625000000      -0.133680378269635     
   2.07589291666667        4.74232666666667      -0.122441070710102     
   2.07589291666667        5.03859708333333      -0.112275135052979     
   2.07589291666667        5.33486750000000      -0.103124573494430     
   2.07589291666667        5.63113791666667      -9.486611623071303E-002
   2.07589291666667        5.92740833333333      -8.741375332788097E-002
   2.07589291666667        6.22367875000000      -8.067569919600223E-002
   2.07589291666667        6.51994916666667      -7.454276824432010E-002
   2.07589291666667        6.81621958333333      -6.891626423667756E-002
   2.07589291666667        7.11249000000000      -6.373444978071255E-002
   2.37216333333333       2.000000000000000E-003 -0.401148176444651     
   2.37216333333333       0.298270416666667      -0.396012940050112     
   2.37216333333333       0.594540833333333      -0.381540755425740     
   2.37216333333333       0.890811250000000      -0.360004721875738     
   2.37216333333333        1.18708166666667      -0.334245356550146     
   2.37216333333333        1.48335208333333      -0.306809814331963     
   2.37216333333333        1.77962250000000      -0.279414219397186     
   2.37216333333333        2.07589291666667      -0.253962728362106     
   2.37216333333333        2.37216333333333      -0.231622994123782     
   2.37216333333333        2.66843375000000      -0.212446455038659     
   2.37216333333333        2.96470416666667      -0.195714985316477     
   2.37216333333333        3.26097458333333      -0.180338181666900     
   2.37216333333333        3.55724500000000      -0.165878906184514     
   2.37216333333333        3.85351541666667      -0.152625812334963     
   2.37216333333333        4.14978583333333      -0.140451813014835     
   2.37216333333333        4.44605625000000      -0.129002058666262     
   2.37216333333333        4.74232666666667      -0.118318438866956     
   2.37216333333333        5.03859708333333      -0.108567486086023     
   2.37216333333333        5.33486750000000      -9.978128373144927E-002
   2.37216333333333        5.63113791666667      -9.187181390061004E-002
   2.37216333333333        5.92740833333333      -8.474766844322465E-002
   2.37216333333333        6.22367875000000      -7.834155033264820E-002
   2.37216333333333        6.51994916666667      -7.254820508702584E-002
   2.37216333333333        6.81621958333333      -6.724338346349298E-002
   2.37216333333333        7.11249000000000      -6.232607734590434E-002
   2.66843375000000       2.000000000000000E-003 -0.334652553141978     
   2.66843375000000       0.298270416666667      -0.331145902733901     
   2.66843375000000       0.594540833333333      -0.321208026556517     
   2.66843375000000       0.890811250000000      -0.306280166559974     
   2.66843375000000        1.18708166666667      -0.288153406586881     
   2.66843375000000        1.48335208333333      -0.268353992937612     
   2.66843375000000        1.77962250000000      -0.248137049805386     
   2.66843375000000        2.07589291666667      -0.229196690506157     
   2.66843375000000        2.37216333333333      -0.212446559445032     
   2.66843375000000        2.66843375000000      -0.198051067859619     
   2.66843375000000        2.96470416666667      -0.185175776339849     
   2.66843375000000        3.26097458333333      -0.172069555410740     
   2.66843375000000        3.55724500000000      -0.158519640269584     
   2.66843375000000        3.85351541666667      -0.146398947699076     
   2.66843375000000        4.14978583333333      -0.135345407098654     
   2.66843375000000        4.44605625000000      -0.124457814167617     
   2.66843375000000        4.74232666666667      -0.114111044917834     
   2.66843375000000        5.03859708333333      -0.104699448775659     
   2.66843375000000        5.33486750000000      -9.627723500794724E-002
   2.66843375000000        5.63113791666667      -8.874206681380081E-002
   2.66843375000000        5.92740833333333      -8.197568320424407E-002
   2.66843375000000        6.22367875000000      -7.590814795659710E-002
   2.66843375000000        6.51994916666667      -7.043711530232855E-002
   2.66843375000000        6.81621958333333      -6.542533727428909E-002
   2.66843375000000        7.11249000000000      -6.075468105298806E-002
   2.96470416666667       2.000000000000000E-003 -0.285081106338375     
   2.96470416666667       0.298270416666667      -0.282617344813907     
   2.96470416666667       0.594540833333333      -0.275610207148267     
   2.96470416666667       0.890811250000000      -0.265023970265693     
   2.96470416666667        1.18708166666667      -0.252016526422771     
   2.96470416666667        1.48335208333333      -0.237473802124586     
   2.96470416666667        1.77962250000000      -0.222504043737834     
   2.96470416666667        2.07589291666667      -0.208304623410518     
   2.96470416666667        2.37216333333333      -0.195715147639913     
   2.96470416666667        2.66843375000000      -0.185175846940699     
   2.96470416666667        2.96470416666667      -0.176026498339535     
   2.96470416666667        3.26097458333333      -0.165334274318683     
   2.96470416666667        3.55724500000000      -0.151900402792136     
   2.96470416666667        3.85351541666667      -0.140866710950000     
   2.96470416666667        4.14978583333333      -0.130548233557219     
   2.96470416666667        4.44605625000000      -0.119716682945320     
   2.96470416666667        4.74232666666667      -0.109579201512650     
   2.96470416666667        5.03859708333333      -0.100557066591212     
   2.96470416666667        5.33486750000000      -9.256246347892483E-002
   2.96470416666667        5.63113791666667      -8.544760305367528E-002
   2.96470416666667        5.92740833333333      -7.908211488367584E-002
   2.96470416666667        6.22367875000000      -7.336621143613038E-002
   2.96470416666667        6.51994916666667      -6.821160341007838E-002
   2.96470416666667        6.81621958333333      -6.347938893445597E-002
   2.96470416666667        7.11249000000000      -5.904785547416556E-002
   3.26097458333333       2.000000000000000E-003 -0.247554645181625     
   3.26097458333333       0.298270416666667      -0.245767283190791     
   3.26097458333333       0.594540833333333      -0.240668036764979     
   3.26097458333333       0.890811250000000      -0.232930648685419     
   3.26097458333333        1.18708166666667      -0.223337095630763     
   3.26097458333333        1.48335208333333      -0.212474725292892     
   3.26097458333333        1.77962250000000      -0.201110388915759     
   3.26097458333333        2.07589291666667      -0.190176386330277     
   3.26097458333333        2.37216333333333      -0.180338349360383     
   3.26097458333333        2.66843375000000      -0.172069644556052     
   3.26097458333333        2.96470416666667      -0.165334302093093     
   3.26097458333333        3.26097458333333      -0.157599656779002     
   3.26097458333333        3.55724500000000      -0.145333429054882     
   3.26097458333333        3.85351541666667      -0.135596610954503     
   3.26097458333333        4.14978583333333      -0.124799013524446     
   3.26097458333333        4.44605625000000      -0.114045790188121     
   3.26097458333333        4.74232666666667      -0.104534105911510     
   3.26097458333333        5.03859708333333      -9.615169635239204E-002
   3.26097458333333        5.33486750000000      -8.867838790222395E-002
   3.26097458333333        5.63113791666667      -8.200874246455470E-002
   3.26097458333333        5.92740833333333      -7.605412941789745E-002
   3.26097458333333        6.22367875000000      -7.069056584228679E-002
   3.26097458333333        6.51994916666667      -6.584222728749892E-002
   3.26097458333333        6.81621958333333      -6.137759354552342E-002
   3.26097458333333        7.11249000000000      -5.718040233593565E-002
   3.55724500000000       2.000000000000000E-003 -0.218257043008431     
   3.55724500000000       0.298270416666667      -0.216912985805131     
   3.55724500000000       0.594540833333333      -0.213067126678984     
   3.55724500000000       0.890811250000000      -0.207209407290741     
   3.55724500000000        1.18708166666667      -0.199901809584796     
   3.55724500000000        1.48335208333333      -0.191559621016842     
   3.55724500000000        1.77962250000000      -0.182715363351281     
   3.55724500000000        2.07589291666667      -0.174002511182535     
   3.55724500000000        2.37216333333333      -0.165879042211925     
   3.55724500000000        2.66843375000000      -0.158519708671274     
   3.55724500000000        2.96470416666667      -0.151900437595896     
   3.55724500000000        3.26097458333333      -0.145333466780263     
   3.55724500000000        3.55724500000000      -0.136893898566862     
   3.55724500000000        3.85351541666667      -0.127628237014046     
   3.55724500000000        4.14978583333333      -0.116830904983868     
   3.55724500000000        4.44605625000000      -0.107574660651508     
   3.55724500000000        4.74232666666667      -9.932557360733769E-002
   3.55724500000000        5.03859708333333      -9.173745424051122E-002
   3.55724500000000        5.33486750000000      -8.477545728359971E-002
   3.55724500000000        5.63113791666667      -7.848967609186680E-002
   3.55724500000000        5.92740833333333      -7.290282063526685E-002
   3.55724500000000        6.22367875000000      -6.786439501651950E-002
   3.55724500000000        6.51994916666667      -6.329938043130535E-002
   3.55724500000000        6.81621958333333      -5.908516898478920E-002
   3.55724500000000        7.11249000000000      -5.511643983322718E-002
   3.85351541666667       2.000000000000000E-003 -0.194436688688432     
   3.85351541666667       0.298270416666667      -0.193389195155018     
   3.85351541666667       0.594540833333333      -0.190386554856343     
   3.85351541666667       0.890811250000000      -0.185799123522117     
   3.85351541666667        1.18708166666667      -0.180054452540243     
   3.85351541666667        1.48335208333333      -0.173479763078740     
   3.85351541666667        1.77962250000000      -0.166414501263326     
   3.85351541666667        2.07589291666667      -0.159353983936060     
   3.85351541666667        2.37216333333333      -0.152625920662529     
   3.85351541666667        2.66843375000000      -0.146399015671590     
   3.85351541666667        2.96470416666667      -0.140866823163067     
   3.85351541666667        3.26097458333333      -0.135596806915311     
   3.85351541666667        3.55724500000000      -0.127628378939701     
   3.85351541666667        3.85351541666667      -0.118867836883932     
   3.85351541666667        4.14978583333333      -0.109560674116818     
   3.85351541666667        4.44605625000000      -0.101819732957870     
   3.85351541666667        4.74232666666667      -9.456834438281379E-002
   3.85351541666667        5.03859708333333      -8.755704132937241E-002
   3.85351541666667        5.33486750000000      -8.095055713983375E-002
   3.85351541666667        5.63113791666667      -7.495164442173242E-002
   3.85351541666667        5.92740833333333      -6.965096288334019E-002
   3.85351541666667        6.22367875000000      -6.489066124420155E-002
   3.85351541666667        6.51994916666667      -6.057622750715856E-002
   3.85351541666667        6.81621958333333      -5.659093600957430E-002
   3.85351541666667        7.11249000000000      -5.284319260501966E-002
   4.14978583333333       2.000000000000000E-003 -0.174360151551526     
   4.14978583333333       0.298270416666667      -0.173520421876545     
   4.14978583333333       0.594540833333333      -0.171110737912487     
   4.14978583333333       0.890811250000000      -0.167419264735244     
   4.14978583333333        1.18708166666667      -0.162784085105682     
   4.14978583333333        1.48335208333333      -0.157474213751934     
   4.14978583333333        1.77962250000000      -0.151745886994021     
   4.14978583333333        2.07589291666667      -0.145974732159079     
   4.14978583333333        2.37216333333333      -0.140451912948134     
   4.14978583333333        2.66843375000000      -0.135345485422645     
   4.14978583333333        2.96470416666667      -0.130548379609742     
   4.14978583333333        3.26097458333333      -0.124799257726359     
   4.14978583333333        3.55724500000000      -0.116831104583718     
   4.14978583333333        3.85351541666667      -0.109560735834511     
   4.14978583333333        4.14978583333333      -0.103157517396898     
   4.14978583333333        4.44605625000000      -9.674213294180969E-002
   4.14978583333333        4.74232666666667      -9.012627532495726E-002
   4.14978583333333        5.03859708333333      -8.348494667074031E-002
   4.14978583333333        5.33486750000000      -7.713423797360511E-002
   4.14978583333333        5.63113791666667      -7.136570279707956E-002
   4.14978583333333        5.92740833333333      -6.630758627396294E-002
   4.14978583333333        6.22367875000000      -6.178675356510823E-002
   4.14978583333333        6.51994916666667      -5.769175012751056E-002
   4.14978583333333        6.81621958333333      -5.391525586159996E-002
   4.14978583333333        7.11249000000000      -5.038163129425299E-002
   4.44605625000000       2.000000000000000E-003 -0.157095801559550     
   4.44605625000000       0.298270416666667      -0.156409207316591     
   4.44605625000000       0.594540833333333      -0.154436079841063     
   4.44605625000000       0.890811250000000      -0.151404170149956     
   4.44605625000000        1.18708166666667      -0.147587142312274     
   4.44605625000000        1.48335208333333      -0.143214905118440     
   4.44605625000000        1.77962250000000      -0.138483663111560     
   4.44605625000000        2.07589291666667      -0.133680532668211     
   4.44605625000000        2.37216333333333      -0.129002150062952     
   4.44605625000000        2.66843375000000      -0.124457874879039     
   4.44605625000000        2.96470416666667      -0.119716764242647     
   4.44605625000000        3.26097458333333      -0.114045903012030     
   4.44605625000000        3.55724500000000      -0.107574745901469     
   4.44605625000000        3.85351541666667      -0.101819760598440     
   4.44605625000000        4.14978583333333      -9.674213866088274E-002
   4.44605625000000        4.44605625000000      -9.132624469844798E-002
   4.44605625000000        4.74232666666667      -8.536054026970330E-002
   4.44605625000000        5.03859708333333      -7.916185283848290E-002
   4.44605625000000        5.33486750000000      -7.313894466584285E-002
   4.44605625000000        5.63113791666667      -6.767374314971120E-002
   4.44605625000000        5.92740833333333      -6.286799306798339E-002
   4.44605625000000        6.22367875000000      -5.857134161060023E-002
   4.44605625000000        6.51994916666667      -5.467479717536682E-002
   4.44605625000000        6.81621958333333      -5.109422417281387E-002
   4.44605625000000        7.11249000000000      -4.777159218663588E-002
   4.74232666666667       2.000000000000000E-003 -0.142178353324116     
   4.74232666666667       0.298270416666667      -0.141606732501876     
   4.74232666666667       0.594540833333333      -0.139960735494696     
   4.74232666666667       0.890811250000000      -0.137422880933985     
   4.74232666666667        1.18708166666667      -0.134217919612794     
   4.74232666666667        1.48335208333333      -0.130545144834142     
   4.74232666666667        1.77962250000000      -0.126553784908804     
   4.74232666666667        2.07589291666667      -0.122441197518280     
   4.74232666666667        2.37216333333333      -0.118318509473777     
   4.74232666666667        2.66843375000000      -0.114111070561379     
   4.74232666666667        2.96470416666667      -0.109579209757214     
   4.74232666666667        3.26097458333333      -0.104534114117098     
   4.74232666666667        3.55724500000000      -9.932558096435153E-002
   4.74232666666667        3.85351541666667      -9.456835500816559E-002
   4.74232666666667        4.14978583333333      -9.012629794742021E-002
   4.74232666666667        4.44605625000000      -8.536056292314503E-002
   4.74232666666667        4.74232666666667      -8.004475300696635E-002
   4.74232666666667        5.03859708333333      -7.441416045614216E-002
   4.74232666666667        5.33486750000000      -6.887950940876095E-002
   4.74232666666667        5.63113791666667      -6.383982478028588E-002
   4.74232666666667        5.92740833333333      -5.932916502829579E-002
   4.74232666666667        6.22367875000000      -5.525033768476537E-002
   4.74232666666667        6.51994916666667      -5.153993520946241E-002
   4.74232666666667        6.81621958333333      -4.815181699643974E-002
   4.74232666666667        7.11249000000000      -4.504427236381745E-002
   5.03859708333333       2.000000000000000E-003 -0.129295836118240     
   5.03859708333333       0.298270416666667      -0.128810932774825     
   5.03859708333333       0.594540833333333      -0.127406632250136     
   5.03859708333333       0.890811250000000      -0.125233016500032     
   5.03859708333333        1.18708166666667      -0.122480667939569     
   5.03859708333333        1.48335208333333      -0.119321316291379     
   5.03859708333333        1.77962250000000      -0.115885829966517     
   5.03859708333333        2.07589291666667      -0.112275226214835     
   5.03859708333333        2.37216333333333      -0.108567530502558     
   5.03859708333333        2.66843375000000      -0.104699445296400     
   5.03859708333333        2.96470416666667      -0.100557036418251     
   5.03859708333333        3.26097458333333      -9.615166703452672E-002
   5.03859708333333        3.55724500000000      -9.173744812892586E-002
   5.03859708333333        3.85351541666667      -8.755706867083569E-002
   5.03859708333333        4.14978583333333      -8.348499911479197E-002
   5.03859708333333        4.44605625000000      -7.916190418185005E-002
   5.03859708333333        4.74232666666667      -7.441418629259464E-002
   5.03859708333333        5.03859708333333      -6.940119816369872E-002
   5.03859708333333        5.33486750000000      -6.448215515761022E-002
   5.03859708333333        5.63113791666667      -5.991055167530892E-002
   5.03859708333333        5.92740833333333      -5.568703587858358E-002
   5.03859708333333        6.22367875000000      -5.180154884268381E-002
   5.03859708333333        6.51994916666667      -4.826260127989658E-002
   5.03859708333333        6.81621958333333      -4.507625575431477E-002
   5.03859708333333        7.11249000000000      -4.219823713127070E-002
   5.33486750000000       2.000000000000000E-003 -0.118090309958859     
   5.33486750000000       0.298270416666667      -0.117676861182645     
   5.33486750000000       0.594540833333333      -0.116463738302516     
   5.33486750000000       0.890811250000000      -0.114563314141171     
   5.33486750000000        1.18708166666667      -0.112139121008502     
   5.33486750000000        1.48335208333333      -0.109357119155856     
   5.33486750000000        1.77962250000000      -0.106327106698140     
   5.33486750000000        2.07589291666667      -0.103124632533315     
   5.33486750000000        2.37216333333333      -9.978130898389706E-002
   5.33486750000000        2.66843375000000      -9.627722079749049E-002
   5.33486750000000        2.96470416666667      -9.256242664490097E-002
   5.33486750000000        3.26097458333333      -8.867835830795867E-002
   5.33486750000000        3.55724500000000      -8.477546091239126E-002
   5.33486750000000        3.85351541666667      -8.095060013586430E-002
   5.33486750000000        4.14978583333333      -7.713430298986161E-002
   5.33486750000000        4.44605625000000      -7.313900214274216E-002
   5.33486750000000        4.74232666666667      -6.887953963513929E-002
   5.33486750000000        5.03859708333333      -6.448216252525228E-002
   5.33486750000000        5.33486750000000      -6.013896751273904E-002
   5.33486750000000        5.63113791666667      -5.593663243482797E-002
   5.33486750000000        5.92740833333333      -5.192493845421425E-002
   5.33486750000000        6.22367875000000      -4.821415776129580E-002
   5.33486750000000        6.51994916666667      -4.485892485239871E-002
   5.33486750000000        6.81621958333333      -4.187063458804606E-002
   5.33486750000000        7.11249000000000      -3.921598447363227E-002
   5.63113791666667       2.000000000000000E-003 -0.108302490962655     
   5.63113791666667       0.298270416666667      -0.107945434138831     
   5.63113791666667       0.594540833333333      -0.106867506078164     
   5.63113791666667       0.890811250000000      -0.105148214968980     
   5.63113791666667        1.18708166666667      -0.102950975239146     
   5.63113791666667        1.48335208333333      -0.100444786573043     
   5.63113791666667        1.77962250000000      -9.773343318653954E-002
   5.63113791666667        2.07589291666667      -9.486616539908831E-002
   5.63113791666667        2.37216333333333      -9.187183557761759E-002
   5.63113791666667        2.66843375000000      -8.874206273732897E-002
   5.63113791666667        2.96470416666667      -8.544758278942574E-002
   5.63113791666667        3.26097458333333      -8.200872872231325E-002
   5.63113791666667        3.55724500000000      -7.848968827573871E-002
   5.63113791666667        3.85351541666667      -7.495168515776111E-002
   5.63113791666667        4.14978583333333      -7.136575512894877E-002
   5.63113791666667        4.44605625000000      -6.767378497116087E-002
   5.63113791666667        4.74232666666667      -6.383984475100159E-002
   5.63113791666667        5.03859708333333      -5.991055443595488E-002
   5.63113791666667        5.33486750000000      -5.593663009763693E-002
   5.63113791666667        5.63113791666667      -5.196438525243386E-002
   5.63113791666667        5.92740833333333      -4.814112568205445E-002
   5.63113791666667        6.22367875000000      -4.457412339816298E-002
   5.63113791666667        6.51994916666667      -4.135208181017699E-002
   5.63113791666667        6.81621958333333      -3.851767949606296E-002
   5.63113791666667        7.11249000000000      -3.604879680837077E-002
   5.92740833333333       2.000000000000000E-003 -9.971988554886618E-002
   5.92740833333333       0.298270416666667      -9.941064275481826E-002
   5.92740833333333       0.594540833333333      -9.840013812867386E-002
   5.92740833333333       0.890811250000000      -9.674515140450039E-002
   5.92740833333333        1.18708166666667      -9.467946418546801E-002
   5.92740833333333        1.48335208333333      -9.239236054676619E-002
   5.92740833333333        1.77962250000000      -8.996586866720573E-002
   5.92740833333333        2.07589291666667      -8.741380740143961E-002
   5.92740833333333        2.37216333333333      -8.474770103440565E-002
   5.92740833333333        2.66843375000000      -8.197569823790311E-002
   5.92740833333333        2.96470416666667      -7.908212180671710E-002
   5.92740833333333        3.26097458333333      -7.605414119662084E-002
   5.92740833333333        3.55724500000000      -7.290284680048170E-002
   5.92740833333333        3.85351541666667      -6.965100228467355E-002
   5.92740833333333        4.14978583333333      -6.630762692196114E-002
   5.92740833333333        4.44605625000000      -6.286802090044438E-002
   5.92740833333333        4.74232666666667      -5.932917425289699E-002
   5.92740833333333        5.03859708333333      -5.568703251929145E-002
   5.92740833333333        5.33486750000000      -5.192493497052940E-002
   5.92740833333333        5.63113791666667      -4.814112681616291E-002
   5.92740833333333        5.92740833333333      -4.444241768230392E-002
   5.92740833333333        6.22367875000000      -4.093084642801464E-002
   5.92740833333333        6.51994916666667      -3.773798245110581E-002
   5.92740833333333        6.81621958333333      -3.496727405059351E-002
   5.92740833333333        7.11249000000000      -3.261586282711967E-002
   6.22367875000000       2.000000000000000E-003 -9.213945959344398E-002
   6.22367875000000       0.298270416666667      -9.187617982814950E-002
   6.22367875000000       0.594540833333333      -9.080021215776089E-002
   6.22367875000000       0.890811250000000      -8.905077944498599E-002
   6.22367875000000        1.18708166666667      -8.706263390710130E-002
   6.22367875000000        1.48335208333333      -8.500879411921203E-002
   6.22367875000000        1.77962250000000      -8.289345506925454E-002
   6.22367875000000        2.07589291666667      -8.067576261188109E-002
   6.22367875000000        2.37216333333333      -7.834159863092796E-002
   6.22367875000000        2.66843375000000      -7.590818174125677E-002
   6.22367875000000        2.96470416666667      -7.336623628238570E-002
   6.22367875000000        3.26097458333333      -7.069058979881769E-002
   6.22367875000000        3.55724500000000      -6.786442330056514E-002
   6.22367875000000        3.85351541666667      -6.489069228582875E-002
   6.22367875000000        4.14978583333333      -6.178677983444543E-002
   6.22367875000000        4.44605625000000      -5.857135536129734E-002
   6.22367875000000        4.74232666666667      -5.525033775612781E-002
   6.22367875000000        5.03859708333333      -5.180154380704748E-002
   6.22367875000000        5.33486750000000      -4.821416014094632E-002
   6.22367875000000        5.63113791666667      -4.457413551199355E-002
   6.22367875000000        5.92740833333333      -4.093086221487747E-002
   6.22367875000000        6.22367875000000      -3.737101728693945E-002
   6.22367875000000        6.51994916666667      -3.406078730958891E-002
   6.22367875000000        6.81621958333333      -3.119419268674678E-002
   6.22367875000000        7.11249000000000      -2.883879352173201E-002
   6.51994916666667       2.000000000000000E-003 -8.526850774495760E-002
   6.51994916666667       0.298270416666667      -8.501953301508502E-002
   6.51994916666667       0.594540833333333      -8.355290345198149E-002
   6.51994916666667       0.890811250000000      -8.162188887671434E-002
   6.51994916666667        1.18708166666667      -7.983640815868698E-002
   6.51994916666667        1.48335208333333      -7.813600982388086E-002
   6.51994916666667        1.77962250000000      -7.639457256548859E-002
   6.51994916666667        2.07589291666667      -7.454283882925472E-002
   6.51994916666667        2.37216333333333      -7.254826790147363E-002
   6.51994916666667        2.66843375000000      -7.043716492319471E-002
   6.51994916666667        2.96470416666667      -6.821164003336767E-002
   6.51994916666667        3.26097458333333      -6.584225459043863E-002
   6.51994916666667        3.55724500000000      -6.329940186345308E-002
   6.51994916666667        3.85351541666667      -6.057624356923382E-002
   6.51994916666667        4.14978583333333      -5.769175863540989E-002
   6.51994916666667        4.44605625000000      -5.467479652396010E-002
   6.51994916666667        4.74232666666667      -5.153992852561139E-002
   6.51994916666667        5.03859708333333      -4.826259931979224E-002
   6.51994916666667        5.33486750000000      -4.485893874713424E-002
   6.51994916666667        5.63113791666667      -4.135211469748636E-002
   6.51994916666667        5.92740833333333      -3.773803301321210E-002
   6.51994916666667        6.22367875000000      -3.406083924646998E-002
   6.51994916666667        6.51994916666667      -3.047508611037895E-002
   6.51994916666667        6.81621958333333      -2.730787108739205E-002
   6.51994916666667        7.11249000000000      -2.483832178437265E-002
   6.81621958333333       2.000000000000000E-003 -7.850865274193351E-002
   6.81621958333333       0.298270416666667      -7.791497344553459E-002
   6.81621958333333       0.594540833333333      -7.577703980290124E-002
   6.81621958333333       0.890811250000000      -7.416646448511638E-002
   6.81621958333333        1.18708166666667      -7.296011583054454E-002
   6.81621958333333        1.48335208333333      -7.175095152172394E-002
   6.81621958333333        1.77962250000000      -7.041151456265597E-002
   6.81621958333333        2.07589291666667      -6.891634190096640E-002
   6.81621958333333        2.37216333333333      -6.724345784208434E-002
   6.81621958333333        2.66843375000000      -6.542539967017963E-002
   6.81621958333333        2.96470416666667      -6.347943469445419E-002
   6.81621958333333        3.26097458333333      -6.137762229902756E-002
   6.81621958333333        3.55724500000000      -5.908518286498635E-002
   6.81621958333333        3.85351541666667      -5.659093791499092E-002
   6.81621958333333        4.14978583333333      -5.391524890308587E-002
   6.81621958333333        4.44605625000000      -5.109421238867099E-002
   6.81621958333333        4.74232666666667      -4.815180669409474E-002
   6.81621958333333        5.03859708333333      -4.507625769687942E-002
   6.81621958333333        5.33486750000000      -4.187065982167855E-002
   6.81621958333333        5.63113791666667      -3.851773408691701E-002
   6.81621958333333        5.92740833333333      -3.496736563131476E-002
   6.81621958333333        6.22367875000000      -3.119432236080164E-002
   6.81621958333333        6.51994916666667      -2.730799653640599E-002
   6.81621958333333        6.81621958333333      -2.372093704784674E-002
   6.81621958333333        7.11249000000000      -2.132741923006930E-002
   7.11249000000000       2.000000000000000E-003 -7.164073371194102E-002
   7.11249000000000       0.298270416666667      -7.035593457146209E-002
   7.11249000000000       0.594540833333333      -6.843170788992918E-002
   7.11249000000000       0.890811250000000      -6.754346199549219E-002
   7.11249000000000        1.18708166666667      -6.686420318731759E-002
   7.11249000000000        1.48335208333333      -6.601361515719104E-002
   7.11249000000000        1.77962250000000      -6.496431111000640E-002
   7.11249000000000        2.07589291666667      -6.373453796134906E-002
   7.11249000000000        2.37216333333333      -6.232616216339117E-002
   7.11249000000000        2.66843375000000      -6.075475520847354E-002
   7.11249000000000        2.96470416666667      -5.904791164938802E-002
   7.11249000000000        3.26097458333333      -5.718043680442084E-002
   7.11249000000000        3.55724500000000      -5.511645318570688E-002
   7.11249000000000        3.85351541666667      -5.284318927244151E-002
   7.11249000000000        4.14978583333333      -5.038161833325889E-002
   7.11249000000000        4.44605625000000      -4.777157755351263E-002
   7.11249000000000        4.74232666666667      -4.504426337395590E-002
   7.11249000000000        5.03859708333333      -4.219824155778829E-002
   7.11249000000000        5.33486750000000      -3.921601430324428E-002
   7.11249000000000        5.63113791666667      -3.604886022788330E-002
   7.11249000000000        5.92740833333333      -3.261597242048015E-002
   7.11249000000000        6.22367875000000      -2.883896312071864E-002
   7.11249000000000        6.51994916666667      -2.483852873596501E-002
   7.11249000000000        6.81621958333333      -2.132753908851937E-002
   7.11249000000000        7.11249000000000      -1.904347178849847E-002
