  2.000000000000000E-003  2.000000000000000E-003 -0.182715363351281     
  2.000000000000000E-003  0.298270416666667      -0.191231915550536     
  2.000000000000000E-003  0.594540833333333      -0.194903618688989     
  2.000000000000000E-003  0.890811250000000      -0.193876742301785     
  2.000000000000000E-003   1.18708166666667      -0.191905393220029     
  2.000000000000000E-003   1.48335208333333      -0.189980026470583     
  2.000000000000000E-003   1.77962250000000      -0.187925112810411     
  2.000000000000000E-003   2.07589291666667      -0.185459290181814     
  2.000000000000000E-003   2.37216333333333      -0.182388563460070     
  2.000000000000000E-003   2.66843375000000      -0.178590342296126     
  2.000000000000000E-003   2.96470416666667      -0.173872720385756     
  2.000000000000000E-003   3.26097458333333      -0.168197973515324     
  2.000000000000000E-003   3.55724500000000      -0.161640354716007     
  2.000000000000000E-003   3.85351541666667      -0.154369478864661     
  2.000000000000000E-003   4.14978583333333      -0.146650586545117     
  2.000000000000000E-003   4.44605625000000      -0.138795782654317     
  2.000000000000000E-003   4.74232666666667      -0.131106575035197     
  2.000000000000000E-003   5.03859708333333      -0.123833427272393     
  2.000000000000000E-003   5.33486750000000      -0.117160120437401     
  2.000000000000000E-003   5.63113791666667      -0.111262208251212     
  2.000000000000000E-003   5.92740833333333      -0.106286823357379     
  2.000000000000000E-003   6.22367875000000      -0.102202425212724     
  2.000000000000000E-003   6.51994916666667      -9.824080802975832E-002
  2.000000000000000E-003   6.81621958333333      -9.212301397189232E-002
  2.000000000000000E-003   7.11249000000000      -8.466049631923836E-002
  0.298270416666667       2.000000000000000E-003 -0.199138008185153     
  0.298270416666667       0.298270416666667      -0.201345908554827     
  0.298270416666667       0.594540833333333      -0.204813811419118     
  0.298270416666667       0.890811250000000      -0.207234803173676     
  0.298270416666667        1.18708166666667      -0.208188258102182     
  0.298270416666667        1.48335208333333      -0.208187630403228     
  0.298270416666667        1.77962250000000      -0.207242683470116     
  0.298270416666667        2.07589291666667      -0.205229561840743     
  0.298270416666667        2.37216333333333      -0.202073774701230     
  0.298270416666667        2.66843375000000      -0.197670706608655     
  0.298270416666667        2.96470416666667      -0.191931115873700     
  0.298270416666667        3.26097458333333      -0.184935223060493     
  0.298270416666667        3.55724500000000      -0.176885581437725     
  0.298270416666667        3.85351541666667      -0.168074681546749     
  0.298270416666667        4.14978583333333      -0.158860737644015     
  0.298270416666667        4.44605625000000      -0.149612553849130     
  0.298270416666667        4.74232666666667      -0.140654447408895     
  0.298270416666667        5.03859708333333      -0.132230845601743     
  0.298270416666667        5.33486750000000      -0.124421874345098     
  0.298270416666667        5.63113791666667      -0.117341115591244     
  0.298270416666667        5.92740833333333      -0.111105129999209     
  0.298270416666667        6.22367875000000      -0.105676607492878     
  0.298270416666667        6.51994916666667      -0.100573796649087     
  0.298270416666667        6.81621958333333      -9.465059805034039E-002
  0.298270416666667        7.11249000000000      -8.688898408272142E-002
  0.594540833333333       2.000000000000000E-003 -0.213230170652323     
  0.594540833333333       0.298270416666667      -0.218027482905846     
  0.594540833333333       0.594540833333333      -0.219497185372762     
  0.594540833333333       0.890811250000000      -0.223235148684942     
  0.594540833333333        1.18708166666667      -0.226862709674689     
  0.594540833333333        1.48335208333333      -0.229046451137911     
  0.594540833333333        1.77962250000000      -0.229422174598021     
  0.594540833333333        2.07589291666667      -0.227937609284722     
  0.594540833333333        2.37216333333333      -0.224603785958454     
  0.594540833333333        2.66843375000000      -0.219376058022031     
  0.594540833333333        2.96470416666667      -0.212313763276127     
  0.594540833333333        3.26097458333333      -0.203653129039998     
  0.594540833333333        3.55724500000000      -0.193754419883746     
  0.594540833333333        3.85351541666667      -0.183062078825358     
  0.594540833333333        4.14978583333333      -0.172051576546770     
  0.594540833333333        4.44605625000000      -0.161157106237610     
  0.594540833333333        4.74232666666667      -0.150716789112081     
  0.594540833333333        5.03859708333333      -0.140963141436455     
  0.594540833333333        5.33486750000000      -0.131911284732384     
  0.594540833333333        5.63113791666667      -0.123606918763349     
  0.594540833333333        5.92740833333333      -0.116202195369456     
  0.594540833333333        6.22367875000000      -0.109759617375677     
  0.594540833333333        6.51994916666667      -0.103894490025505     
  0.594540833333333        6.81621958333333      -9.692438118123894E-002
  0.594540833333333        7.11249000000000      -8.767563203997369E-002
  0.890811250000000       2.000000000000000E-003 -0.225235685687957     
  0.890811250000000       0.298270416666667      -0.234158060716016     
  0.890811250000000       0.594540833333333      -0.239293502527299     
  0.890811250000000       0.890811250000000      -0.244952146788799     
  0.890811250000000        1.18708166666667      -0.250527198350850     
  0.890811250000000        1.48335208333333      -0.254422030814748     
  0.890811250000000        1.77962250000000      -0.255841277500468     
  0.890811250000000        2.07589291666667      -0.254640448031835     
  0.890811250000000        2.37216333333333      -0.250811517830564     
  0.890811250000000        2.66843375000000      -0.244379258506343     
  0.890811250000000        2.96470416666667      -0.235587844204208     
  0.890811250000000        3.26097458333333      -0.224840975422441     
  0.890811250000000        3.55724500000000      -0.212660164211243     
  0.890811250000000        3.85351541666667      -0.199665214258272     
  0.890811250000000        4.14978583333333      -0.186491521478043     
  0.890811250000000        4.44605625000000      -0.173659065850127     
  0.890811250000000        4.74232666666667      -0.161499054528974     
  0.890811250000000        5.03859708333333      -0.150188327779284     
  0.890811250000000        5.33486750000000      -0.139758400734578     
  0.890811250000000        5.63113791666667      -0.130151553355275     
  0.890811250000000        5.92740833333333      -0.121534512658207     
  0.890811250000000        6.22367875000000      -0.113955014587990     
  0.890811250000000        6.51994916666667      -0.106924748204778     
  0.890811250000000        6.81621958333333      -9.917622443882058E-002
  0.890811250000000        7.11249000000000      -9.061682399025153E-002
   1.18708166666667       2.000000000000000E-003 -0.238340528966317     
   1.18708166666667       0.298270416666667      -0.251454342994606     
   1.18708166666667       0.594540833333333      -0.261968476912580     
   1.18708166666667       0.890811250000000      -0.271459448365994     
   1.18708166666667        1.18708166666667      -0.279633770712335     
   1.18708166666667        1.48335208333333      -0.285288758387803     
   1.18708166666667        1.77962250000000      -0.287636417280012     
   1.18708166666667        2.07589291666667      -0.286473334043021     
   1.18708166666667        2.37216333333333      -0.281743346416767     
   1.18708166666667        2.66843375000000      -0.273644579902252     
   1.18708166666667        2.96470416666667      -0.262646226553138     
   1.18708166666667        3.26097458333333      -0.249303106781679     
   1.18708166666667        3.55724500000000      -0.234260529635165     
   1.18708166666667        3.85351541666667      -0.218358409291400     
   1.18708166666667        4.14978583333333      -0.202510911967231     
   1.18708166666667        4.44605625000000      -0.187380170244699     
   1.18708166666667        4.74232666666667      -0.173238567931850     
   1.18708166666667        5.03859708333333      -0.160124827417363     
   1.18708166666667        5.33486750000000      -0.148049943449915     
   1.18708166666667        5.63113791666667      -0.136947413605008     
   1.18708166666667        5.92740833333333      -0.126930736955669     
   1.18708166666667        6.22367875000000      -0.118052248779531     
   1.18708166666667        6.51994916666667      -0.109942475782012     
   1.18708166666667        6.81621958333333      -0.101897243201746     
   1.18708166666667        7.11249000000000      -9.386316083132988E-002
   1.48335208333333       2.000000000000000E-003 -0.253529535441859     
   1.48335208333333       0.298270416666667      -0.271267314828899     
   1.48335208333333       0.594540833333333      -0.287537727363690     
   1.48335208333333       0.890811250000000      -0.302095706802089     
   1.48335208333333        1.18708166666667      -0.313987044796049     
   1.48335208333333        1.48335208333333      -0.322085862946361     
   1.48335208333333        1.77962250000000      -0.325769575259257     
   1.48335208333333        2.07589291666667      -0.324687539647885     
   1.48335208333333        2.37216333333333      -0.318798141956683     
   1.48335208333333        2.66843375000000      -0.308600466059727     
   1.48335208333333        2.96470416666667      -0.294879827612670     
   1.48335208333333        3.26097458333333      -0.278268747982142     
   1.48335208333333        3.55724500000000      -0.259622557679368     
   1.48335208333333        3.85351541666667      -0.239886961283669     
   1.48335208333333        4.14978583333333      -0.220431245637400     
   1.48335208333333        4.44605625000000      -0.202547331013495     
   1.48335208333333        4.74232666666667      -0.186177453753174     
   1.48335208333333        5.03859708333333      -0.171008083113404     
   1.48335208333333        5.33486750000000      -0.156922809828333     
   1.48335208333333        5.63113791666667      -0.144013317629969     
   1.48335208333333        5.92740833333333      -0.132368207008993     
   1.48335208333333        6.22367875000000      -0.122104110097656     
   1.48335208333333        6.51994916666667      -0.113011485219985     
   1.48335208333333        6.81621958333333      -0.104631357212706     
   1.48335208333333        7.11249000000000      -9.668317613713488E-002
   1.77962250000000       2.000000000000000E-003 -0.270652933135146     
   1.77962250000000       0.298270416666667      -0.293661945004459     
   1.77962250000000       0.594540833333333      -0.316154099174787     
   1.77962250000000       0.890811250000000      -0.336643265809596     
   1.77962250000000        1.18708166666667      -0.353453184862833     
   1.77962250000000        1.48335208333333      -0.365266273357746     
   1.77962250000000        1.77962250000000      -0.371325515502801     
   1.77962250000000        2.07589291666667      -0.371039960730991     
   1.77962250000000        2.37216333333333      -0.364086939744675     
   1.77962250000000        2.66843375000000      -0.350344220746665     
   1.77962250000000        2.96470416666667      -0.332503786011427     
   1.77962250000000        3.26097458333333      -0.312503577878874     
   1.77962250000000        3.55724500000000      -0.290493356511584     
   1.77962250000000        3.85351541666667      -0.266673810467067     
   1.77962250000000        4.14978583333333      -0.242725159990872     
   1.77962250000000        4.44605625000000      -0.220513447503226     
   1.77962250000000        4.74232666666667      -0.200743189774357     
   1.77962250000000        5.03859708333333      -0.183135996499533     
   1.77962250000000        5.33486750000000      -0.166633529953148     
   1.77962250000000        5.63113791666667      -0.151419728428191     
   1.77962250000000        5.92740833333333      -0.137852821263791     
   1.77962250000000        6.22367875000000      -0.126087060867557     
   1.77962250000000        6.51994916666667      -0.116001920238228     
   1.77962250000000        6.81621958333333      -0.107165946867980     
   1.77962250000000        7.11249000000000      -9.908031419823679E-002
   2.07589291666667       2.000000000000000E-003 -0.289267280318766     
   2.07589291666667       0.298270416666667      -0.318127013834526     
   2.07589291666667       0.594540833333333      -0.347459507788431     
   2.07589291666667       0.890811250000000      -0.374737077679568     
   2.07589291666667        1.18708166666667      -0.397754498996843     
   2.07589291666667        1.48335208333333      -0.414963266207167     
   2.07589291666667        1.77962250000000      -0.425617595620289     
   2.07589291666667        2.07589291666667      -0.428040598682197     
   2.07589291666667        2.37216333333333      -0.418137681630322     
   2.07589291666667        2.66843375000000      -0.399063759464229     
   2.07589291666667        2.96470416666667      -0.376520034495439     
   2.07589291666667        3.26097458333333      -0.353902797971838     
   2.07589291666667        3.55724500000000      -0.329395895341637     
   2.07589291666667        3.85351541666667      -0.301016538161973     
   2.07589291666667        4.14978583333333      -0.271614766511942     
   2.07589291666667        4.44605625000000      -0.244443648550642     
   2.07589291666667        4.74232666666667      -0.219808627226988     
   2.07589291666667        5.03859708333333      -0.197324750045969     
   2.07589291666667        5.33486750000000      -0.177387429609162     
   2.07589291666667        5.63113791666667      -0.159306139223285     
   2.07589291666667        5.92740833333333      -0.143376809194439     
   2.07589291666667        6.22367875000000      -0.129895867909958     
   2.07589291666667        6.51994916666667      -0.118745956012679     
   2.07589291666667        6.81621958333333      -0.109382607163180     
   2.07589291666667        7.11249000000000      -0.101092844104026     
   2.37216333333333       2.000000000000000E-003 -0.308776049154015     
   2.37216333333333       0.298270416666667      -0.343989204673610     
   2.37216333333333       0.594540833333333      -0.380472971333346     
   2.37216333333333       0.890811250000000      -0.415069849997047     
   2.37216333333333        1.18708166666667      -0.445246749345564     
   2.37216333333333        1.48335208333333      -0.470243404555354     
   2.37216333333333        1.77962250000000      -0.490095214739853     
   2.37216333333333        2.07589291666667      -0.495129133813858     
   2.37216333333333        2.37216333333333      -0.482549174650977     
   2.37216333333333        2.66843375000000      -0.457274479151367     
   2.37216333333333        2.96470416666667      -0.428967065973103     
   2.37216333333333        3.26097458333333      -0.405394476629144     
   2.37216333333333        3.55724500000000      -0.380360078012772     
   2.37216333333333        3.85351541666667      -0.345927313130389     
   2.37216333333333        4.14978583333333      -0.309542133123626     
   2.37216333333333        4.44605625000000      -0.277097178272156     
   2.37216333333333        4.74232666666667      -0.246238759279463     
   2.37216333333333        5.03859708333333      -0.216200678704137     
   2.37216333333333        5.33486750000000      -0.189424961961682     
   2.37216333333333        5.63113791666667      -0.167553529147417     
   2.37216333333333        5.92740833333333      -0.148888005128181     
   2.37216333333333        6.22367875000000      -0.133484464303789     
   2.37216333333333        6.51994916666667      -0.121145957213446     
   2.37216333333333        6.81621958333333      -0.111197828308724     
   2.37216333333333        7.11249000000000      -0.102695590513370     
   2.66843375000000       2.000000000000000E-003 -0.327813581209479     
   2.66843375000000       0.298270416666667      -0.369119594069113     
   2.66843375000000       0.594540833333333      -0.412321254764885     
   2.66843375000000       0.890811250000000      -0.453951315116445     
   2.66843375000000        1.18708166666667      -0.492161553687444     
   2.66843375000000        1.48335208333333      -0.528577178176686     
   2.66843375000000        1.77962250000000      -0.559752548976618     
   2.66843375000000        2.07589291666667      -0.570715081989922     
   2.66843375000000        2.37216333333333      -0.559301886629277     
   2.66843375000000        2.66843375000000      -0.528423226505836     
   2.66843375000000        2.96470416666667      -0.491349505467363     
   2.66843375000000        3.26097458333333      -0.468132174664998     
   2.66843375000000        3.55724500000000      -0.447247952084074     
   2.66843375000000        3.85351541666667      -0.404396156710502     
   2.66843375000000        4.14978583333333      -0.362032284027201     
   2.66843375000000        4.44605625000000      -0.325205539412516     
   2.66843375000000        4.74232666666667      -0.284151467977854     
   2.66843375000000        5.03859708333333      -0.241439932818490     
   2.66843375000000        5.33486750000000      -0.203872573162950     
   2.66843375000000        5.63113791666667      -0.175702039555901     
   2.66843375000000        5.92740833333333      -0.154070564460971     
   2.66843375000000        6.22367875000000      -0.136710318904019     
   2.66843375000000        6.51994916666667      -0.123194914513546     
   2.66843375000000        6.81621958333333      -0.112670716787059     
   2.66843375000000        7.11249000000000      -0.103974900301704     
   2.96470416666667       2.000000000000000E-003 -0.343737495527440     
   2.96470416666667       0.298270416666667      -0.390100358963492     
   2.96470416666667       0.594540833333333      -0.438879469124404     
   2.96470416666667       0.890811250000000      -0.486708889993908     
   2.96470416666667        1.18708166666667      -0.533185830399975     
   2.96470416666667        1.48335208333333      -0.583946405561604     
   2.96470416666667        1.77962250000000      -0.625908772884762     
   2.96470416666667        2.07589291666667      -0.647746713641246     
   2.96470416666667        2.37216333333333      -0.645869722155316     
   2.96470416666667        2.66843375000000      -0.616433368242403     
   2.96470416666667        2.96470416666667      -0.567191599532478     
   2.96470416666667        3.26097458333333      -0.535154910597008     
   2.96470416666667        3.55724500000000      -0.523377628728033     
   2.96470416666667        3.85351541666667      -0.476704398217285     
   2.96470416666667        4.14978583333333      -0.444652114585076     
   2.96470416666667        4.44605625000000      -0.401096292621240     
   2.96470416666667        4.74232666666667      -0.336997157476165     
   2.96470416666667        5.03859708333333      -0.272404883651294     
   2.96470416666667        5.33486750000000      -0.219803760257045     
   2.96470416666667        5.63113791666667      -0.182894159515552     
   2.96470416666667        5.92740833333333      -0.158420197371692     
   2.96470416666667        6.22367875000000      -0.139322686826792     
   2.96470416666667        6.51994916666667      -0.124786620414660     
   2.96470416666667        6.81621958333333      -0.113767951254049     
   2.96470416666667        7.11249000000000      -0.104913650829545     
   3.26097458333333       2.000000000000000E-003 -0.354330271243339     
   3.26097458333333       0.298270416666667      -0.404026824168571     
   3.26097458333333       0.594540833333333      -0.456520397875394     
   3.26097458333333       0.890811250000000      -0.508739883469799     
   3.26097458333333        1.18708166666667      -0.561830116746584     
   3.26097458333333        1.48335208333333      -0.623173651503414     
   3.26097458333333        1.77962250000000      -0.675705866207352     
   3.26097458333333        2.07589291666667      -0.710156751482607     
   3.26097458333333        2.37216333333333      -0.724650707509821     
   3.26097458333333        2.66843375000000      -0.713113355793409     
   3.26097458333333        2.96470416666667      -0.670212807922318     
   3.26097458333333        3.26097458333333      -0.609072647982214     
   3.26097458333333        3.55724500000000      -0.577966845297560     
   3.26097458333333        3.85351541666667      -0.575981074445525     
   3.26097458333333        4.14978583333333      -0.583141065911159     
   3.26097458333333        4.44605625000000      -0.502698569074058     
   3.26097458333333        4.74232666666667      -0.394422589865288     
   3.26097458333333        5.03859708333333      -0.301485310985141     
   3.26097458333333        5.33486750000000      -0.233320591939595     
   3.26097458333333        5.63113791666667      -0.188537723514975     
   3.26097458333333        5.92740833333333      -0.161347345552937     
   3.26097458333333        6.22367875000000      -0.141043015590981     
   3.26097458333333        6.51994916666667      -0.125806807265465     
   3.26097458333333        6.81621958333333      -0.114448942715666     
   3.26097458333333        7.11249000000000      -0.105487014717623     
   3.55724500000000       2.000000000000000E-003 -0.358058372127585     
   3.55724500000000       0.298270416666667      -0.408911348669162     
   3.55724500000000       0.594540833333333      -0.462703622361441     
   3.55724500000000       0.890811250000000      -0.516523208723593     
   3.55724500000000        1.18708166666667      -0.572192866657368     
   3.55724500000000        1.48335208333333      -0.637969615662930     
   3.55724500000000        1.77962250000000      -0.693731394692439     
   3.55724500000000        2.07589291666667      -0.734558872629047     
   3.55724500000000        2.37216333333333      -0.758392562901507     
   3.55724500000000        2.66843375000000      -0.762751795696845     
   3.55724500000000        2.96470416666667      -0.745789307760656     
   3.55724500000000        3.26097458333333      -0.705858576383703     
   3.55724500000000        3.55724500000000      -0.613372628975956     
   3.55724500000000        3.85351541666667      -0.682212764806192     
   3.55724500000000        4.14978583333333      -0.686539201008935     
   3.55724500000000        4.44605625000000      -0.559652755473271     
   3.55724500000000        4.74232666666667      -0.421554611424470     
   3.55724500000000        5.03859708333333      -0.313975629142843     
   3.55724500000000        5.33486750000000      -0.238830344494716     
   3.55724500000000        5.63113791666667      -0.190648189286111     
   3.55724500000000        5.92740833333333      -0.162384521146292     
   3.55724500000000        6.22367875000000      -0.141648624597794     
   3.55724500000000        6.51994916666667      -0.126163035340496     
   3.55724500000000        6.81621958333333      -0.114683743272010     
   3.55724500000000        7.11249000000000      -0.105682848918547     
   3.85351541666667       2.000000000000000E-003 -0.354323183058594     
   3.85351541666667       0.298270416666667      -0.404017030985628     
   3.85351541666667       0.594540833333333      -0.456508177916254     
   3.85351541666667       0.890811250000000      -0.508725284283404     
   3.85351541666667        1.18708166666667      -0.561812188230837     
   3.85351541666667        1.48335208333333      -0.623148705387523     
   3.85351541666667        1.77962250000000      -0.675666460087946     
   3.85351541666667        2.07589291666667      -0.710093859916199     
   3.85351541666667        2.37216333333333      -0.724551757821180     
   3.85351541666667        2.66843375000000      -0.712963052225201     
   3.85351541666667        2.96470416666667      -0.670016708572611     
   3.85351541666667        3.26097458333333      -0.608934737593529     
   3.85351541666667        3.55724500000000      -0.577906208190287     
   3.85351541666667        3.85351541666667      -0.576068259242743     
   3.85351541666667        4.14978583333333      -0.583362164540881     
   3.85351541666667        4.44605625000000      -0.502863570418739     
   3.85351541666667        4.74232666666667      -0.394516129784841     
   3.85351541666667        5.03859708333333      -0.301532784860602     
   3.85351541666667        5.33486750000000      -0.233342935191455     
   3.85351541666667        5.63113791666667      -0.188549176081041     
   3.85351541666667        5.92740833333333      -0.161357178365265     
   3.85351541666667        6.22367875000000      -0.141053858462248     
   3.85351541666667        6.51994916666667      -0.125819440008202     
   3.85351541666667        6.81621958333333      -0.114463041656212     
   3.85351541666667        7.11249000000000      -0.105501369442605     
   4.14978583333333       2.000000000000000E-003 -0.343724794763100     
   4.14978583333333       0.298270416666667      -0.390082470976555     
   4.14978583333333       0.594540833333333      -0.438857019815450     
   4.14978583333333       0.890811250000000      -0.486682277412096     
   4.14978583333333        1.18708166666667      -0.533154090627602     
   4.14978583333333        1.48335208333333      -0.583904937322640     
   4.14978583333333        1.77962250000000      -0.625847678843487     
   4.14978583333333        2.07589291666667      -0.647656961239791     
   4.14978583333333        2.37216333333333      -0.645745398673593     
   4.14978583333333        2.66843375000000      -0.616282419494464     
   4.14978583333333        2.96470416666667      -0.567055828968164     
   4.14978583333333        3.26097458333333      -0.535079421044042     
   4.14978583333333        3.55724500000000      -0.523267584659041     
   4.14978583333333        3.85351541666667      -0.476651767963462     
   4.14978583333333        4.14978583333333      -0.444768672275011     
   4.14978583333333        4.44605625000000      -0.401247859299037     
   4.14978583333333        4.74232666666667      -0.337107874902319     
   4.14978583333333        5.03859708333333      -0.272469941188726     
   4.14978583333333        5.33486750000000      -0.219838193528493     
   4.14978583333333        5.63113791666667      -0.182915018203339     
   4.14978583333333        5.92740833333333      -0.158439944440265     
   4.14978583333333        6.22367875000000      -0.139344521151080     
   4.14978583333333        6.51994916666667      -0.124811626786950     
   4.14978583333333        6.81621958333333      -0.113795160375411     
   4.14978583333333        7.11249000000000      -0.104940698665679     
   4.44605625000000       2.000000000000000E-003 -0.327798169669607     
   4.44605625000000       0.298270416666667      -0.369096573237013     
   4.44605625000000       0.594540833333333      -0.412291775836518     
   4.44605625000000       0.890811250000000      -0.453916638798577     
   4.44605625000000        1.18708166666667      -0.492121802615086     
   4.44605625000000        1.48335208333333      -0.528529628523912     
   4.44605625000000        1.77962250000000      -0.559690181868118     
   4.44605625000000        2.07589291666667      -0.570634062880670     
   4.44605625000000        2.37216333333333      -0.559208716169194     
   4.44605625000000        2.66843375000000      -0.528339283187960     
   4.44605625000000        2.96470416666667      -0.491303846532011     
   4.44605625000000        3.26097458333333      -0.468112866405871     
   4.44605625000000        3.55724500000000      -0.447190129633408     
   4.44605625000000        3.85351541666667      -0.404340053191567     
   4.44605625000000        4.14978583333333      -0.362059757322884     
   4.44605625000000        4.44605625000000      -0.325287261992055     
   4.44605625000000        4.74232666666667      -0.284232610476629     
   4.44605625000000        5.03859708333333      -0.241498156905280     
   4.44605625000000        5.33486750000000      -0.203910037697396     
   4.44605625000000        5.63113791666667      -0.175731665577306     
   4.44605625000000        5.92740833333333      -0.154100577671918     
   4.44605625000000        6.22367875000000      -0.136743630431638     
   4.44605625000000        6.51994916666667      -0.123231966385101     
   4.44605625000000        6.81621958333333      -0.112709429715780     
   4.44605625000000        7.11249000000000      -0.104011617914025     
   4.74232666666667       2.000000000000000E-003 -0.308762461513770     
   4.74232666666667       0.298270416666667      -0.343965016740740     
   4.74232666666667       0.594540833333333      -0.380439998784125     
   4.74232666666667       0.890811250000000      -0.415030925830378     
   4.74232666666667        1.18708166666667      -0.445203910652929     
   4.74232666666667        1.48335208333333      -0.470196845417430     
   4.74232666666667        1.77962250000000      -0.490042800468784     
   4.74232666666667        2.07589291666667      -0.495071350809074     
   4.74232666666667        2.37216333333333      -0.482496512231827     
   4.74232666666667        2.66843375000000      -0.457245387847632     
   4.74232666666667        2.96470416666667      -0.428972972078061     
   4.74232666666667        3.26097458333333      -0.405416022601456     
   4.74232666666667        3.55724500000000      -0.380361945385223     
   4.74232666666667        3.85351541666667      -0.345918415166323     
   4.74232666666667        4.14978583333333      -0.309559438738746     
   4.74232666666667        4.44605625000000      -0.277144479988709     
   4.74232666666667        4.74232666666667      -0.246294485100797     
   4.74232666666667        5.03859708333333      -0.216248829001463     
   4.74232666666667        5.33486750000000      -0.189464366716147     
   4.74232666666667        5.63113791666667      -0.167591856788928     
   4.74232666666667        5.92740833333333      -0.148929039823253     
   4.74232666666667        6.22367875000000      -0.133530138726610     
   4.74232666666667        6.51994916666667      -0.121195018634783     
   4.74232666666667        6.81621958333333      -0.111246058203728     
   4.74232666666667        7.11249000000000      -0.102737765048650     
   5.03859708333333       2.000000000000000E-003 -0.289263570046784     
   5.03859708333333       0.298270416666667      -0.318107027084215     
   5.03859708333333       0.594540833333333      -0.347426389112585     
   5.03859708333333       0.890811250000000      -0.374696549710019     
   5.03859708333333        1.18708166666667      -0.397711648189931     
   5.03859708333333        1.48335208333333      -0.414920747993560     
   5.03859708333333        1.77962250000000      -0.425576681461038     
   5.03859708333333        2.07589291666667      -0.428003787571697     
   5.03859708333333        2.37216333333333      -0.418113392144075     
   5.03859708333333        2.66843375000000      -0.399063743944843     
   5.03859708333333        2.96470416666667      -0.376548065286207     
   5.03859708333333        3.26097458333333      -0.353945644429850     
   5.03859708333333        3.55724500000000      -0.329433815285214     
   5.03859708333333        3.85351541666667      -0.301046694829435     
   5.03859708333333        4.14978583333333      -0.271649066852256     
   5.03859708333333        4.44605625000000      -0.244487391439172     
   5.03859708333333        4.74232666666667      -0.219856039851249     
   5.03859708333333        5.03859708333333      -0.197369850730291     
   5.03859708333333        5.33486750000000      -0.177431483355654     
   5.03859708333333        5.63113791666667      -0.159352790134369     
   5.03859708333333        5.92740833333333      -0.143429345829012     
   5.03859708333333        6.22367875000000      -0.129955075099917     
   5.03859708333333        6.51994916666667      -0.118807592353629     
   5.03859708333333        6.81621958333333      -0.109437937305566     
   5.03859708333333        7.11249000000000      -0.101133846633232     
   5.33486750000000       2.000000000000000E-003 -0.270667286630466     
   5.33486750000000       0.298270416666667      -0.293648476408515     
   5.33486750000000       0.594540833333333      -0.316119354297125     
   5.33486750000000       0.890811250000000      -0.336600787996977     
   5.33486750000000        1.18708166666667      -0.353412250165311     
   5.33486750000000        1.48335208333333      -0.365229268649834     
   5.33486750000000        1.77962250000000      -0.371294161053855     
   5.33486750000000        2.07589291666667      -0.371016887979398     
   5.33486750000000        2.37216333333333      -0.364077393554852     
   5.33486750000000        2.66843375000000      -0.350355129357054     
   5.33486750000000        2.96470416666667      -0.332537050341356     
   5.33486750000000        3.26097458333333      -0.312552234631418     
   5.33486750000000        3.55724500000000      -0.290545980315636     
   5.33486750000000        3.85351541666667      -0.266724595276031     
   5.33486750000000        4.14978583333333      -0.242774557616537     
   5.33486750000000        4.44605625000000      -0.220562515960227     
   5.33486750000000        4.74232666666667      -0.200790661855276     
   5.33486750000000        5.03859708333333      -0.183181774745899     
   5.33486750000000        5.33486750000000      -0.166680430860656     
   5.33486750000000        5.63113791666667      -0.151472223353276     
   5.33486750000000        5.92740833333333      -0.137915491307421     
   5.33486750000000        6.22367875000000      -0.126160737055813     
   5.33486750000000        6.51994916666667      -0.116077069579747     
   5.33486750000000        6.81621958333333      -0.107224821281849     
   5.33486750000000        7.11249000000000      -9.910953037805395E-002
   5.63113791666667       2.000000000000000E-003 -0.253566631280709     
   5.63113791666667       0.298270416666667      -0.271255234235530     
   5.63113791666667       0.594540833333333      -0.287492832940649     
   5.63113791666667       0.890811250000000      -0.302046215488756     
   5.63113791666667        1.18708166666667      -0.313947913844299     
   5.63113791666667        1.48335208333333      -0.322057426048559     
   5.63113791666667        1.77962250000000      -0.325748070266640     
   5.63113791666667        2.07589291666667      -0.324673923614232     
   5.63113791666667        2.37216333333333      -0.318795670621365     
   5.63113791666667        2.66843375000000      -0.308613261050707     
   5.63113791666667        2.96470416666667      -0.294910008652340     
   5.63113791666667        3.26097458333333      -0.278313544488332     
   5.63113791666667        3.55724500000000      -0.259675692276072     
   5.63113791666667        3.85351541666667      -0.239942183883063     
   5.63113791666667        4.14978583333333      -0.220484837452206     
   5.63113791666667        4.44605625000000      -0.202596942905606     
   5.63113791666667        4.74232666666667      -0.186223054455015     
   5.63113791666667        5.03859708333333      -0.171051089963269     
   5.63113791666667        5.33486750000000      -0.156966634021950     
   5.63113791666667        5.63113791666667      -0.144064206564823     
   5.63113791666667        5.92740833333333      -0.132435445781112     
   5.63113791666667        6.22367875000000      -0.122190717719290     
   5.63113791666667        6.51994916666667      -0.113102333144477     
   5.63113791666667        6.81621958333333      -0.104693026864578     
   5.63113791666667        7.11249000000000      -9.669008816319165E-002
   5.92740833333333       2.000000000000000E-003 -0.238401399942436     
   5.92740833333333       0.298270416666667      -0.251430016077072     
   5.92740833333333       0.594540833333333      -0.261902356381359     
   5.92740833333333       0.890811250000000      -0.271404458600871     
   5.92740833333333        1.18708166666667      -0.279604424730116     
   5.92740833333333        1.48335208333333      -0.285275892701913     
   5.92740833333333        1.77962250000000      -0.287629278930989     
   5.92740833333333        2.07589291666667      -0.286469407498423     
   5.92740833333333        2.37216333333333      -0.281745909815318     
   5.92740833333333        2.66843375000000      -0.273657303369295     
   5.92740833333333        2.96470416666667      -0.262671424937080     
   5.92740833333333        3.26097458333333      -0.249340259399049     
   5.92740833333333        3.55724500000000      -0.234306355731291     
   5.92740833333333        3.85351541666667      -0.218408065915552     
   5.92740833333333        4.14978583333333      -0.202559771465389     
   5.92740833333333        4.44605625000000      -0.187425033065545     
   5.92740833333333        4.74232666666667      -0.173277869838718     
   5.92740833333333        5.03859708333333      -0.160158632884264     
   5.92740833333333        5.33486750000000      -0.148080208941538     
   5.92740833333333        5.63113791666667      -0.136982763905005     
   5.92740833333333        5.92740833333333      -0.126986780031679     
   5.92740833333333        6.22367875000000      -0.118140992112994     
   5.92740833333333        6.51994916666667      -0.110049796963394     
   5.92740833333333        6.81621958333333      -0.101965430737703     
   5.92740833333333        7.11249000000000      -9.383735225506962E-002
   6.22367875000000       2.000000000000000E-003 -0.225315343168326     
   6.22367875000000       0.298270416666667      -0.234096942219919     
   6.22367875000000       0.594540833333333      -0.239206759513401     
   6.22367875000000       0.890811250000000      -0.244917504387192     
   6.22367875000000        1.18708166666667      -0.250533910329968     
   6.22367875000000        1.48335208333333      -0.254441350631277     
   6.22367875000000        1.77962250000000      -0.255856463346797     
   6.22367875000000        2.07589291666667      -0.254649285639889     
   6.22367875000000        2.37216333333333      -0.250819770676911     
   6.22367875000000        2.66843375000000      -0.244392404449845     
   6.22367875000000        2.96470416666667      -0.235609400824247     
   6.22367875000000        3.26097458333333      -0.224871977857415     
   6.22367875000000        3.55724500000000      -0.212698906391687     
   6.22367875000000        3.85351541666667      -0.199707849266799     
   6.22367875000000        4.14978583333333      -0.186533403220140     
   6.22367875000000        4.44605625000000      -0.173695972780712     
   6.22367875000000        4.74232666666667      -0.161527765878228     
   6.22367875000000        5.03859708333333      -0.150206062987866     
   6.22367875000000        5.33486750000000      -0.139763437450719     
   6.22367875000000        5.63113791666667      -0.130151653325556     
   6.22367875000000        5.92740833333333      -0.121549581467282     
   6.22367875000000        6.22367875000000      -0.114013670599938     
   6.22367875000000        6.51994916666667      -0.107036444395117     
   6.22367875000000        6.81621958333333      -9.926293382799993E-002
   6.22367875000000        7.11249000000000      -9.055272529854151E-002
   6.51994916666667       2.000000000000000E-003 -0.213299590602886     
   6.51994916666667       0.298270416666667      -0.217911991419784     
   6.51994916666667       0.594540833333333      -0.219452411328372     
   6.51994916666667       0.890811250000000      -0.223290748930520     
   6.51994916666667        1.18708166666667      -0.226946283368871     
   6.51994916666667        1.48335208333333      -0.229116368944554     
   6.51994916666667        1.77962250000000      -0.229467292366235     
   6.51994916666667        2.07589291666667      -0.227962204422151     
   6.51994916666667        2.37216333333333      -0.224619162819683     
   6.51994916666667        2.66843375000000      -0.219390630062500     
   6.51994916666667        2.96470416666667      -0.212332720497671     
   6.51994916666667        3.26097458333333      -0.203678855488794     
   6.51994916666667        3.55724500000000      -0.193786351409350     
   6.51994916666667        3.85351541666667      -0.183097091871527     
   6.51994916666667        4.14978583333333      -0.172085133424567     
   6.51994916666667        4.44605625000000      -0.161184349436331     
   6.51994916666667        4.74232666666667      -0.150732855858659     
   6.51994916666667        5.03859708333333      -0.140961195038434     
   6.51994916666667        5.33486750000000      -0.131884856045173     
   6.51994916666667        5.63113791666667      -0.123557524292790     
   6.51994916666667        5.92740833333333      -0.116143140236098     
   6.51994916666667        6.22367875000000      -0.109727506232588     
   6.51994916666667        6.51994916666667      -0.103951270059929     
   6.51994916666667        6.81621958333333      -9.704508295024324E-002
   6.51994916666667        7.11249000000000      -8.760578886372680E-002
   6.81621958333333       2.000000000000000E-003 -0.199127721007565     
   6.81621958333333       0.298270416666667      -0.201291564007125     
   6.81621958333333       0.594540833333333      -0.204974795796790     
   6.81621958333333       0.890811250000000      -0.207448335044671     
   6.81621958333333        1.18708166666667      -0.208362892177886     
   6.81621958333333        1.48335208333333      -0.208307820913553     
   6.81621958333333        1.77962250000000      -0.207315902267837     
   6.81621958333333        2.07589291666667      -0.205269548437104     
   6.81621958333333        2.37216333333333      -0.202096900404699     
   6.81621958333333        2.66843375000000      -0.197688054464535     
   6.81621958333333        2.96470416666667      -0.191949169996145     
   6.81621958333333        3.26097458333333      -0.184957248016942     
   6.81621958333333        3.55724500000000      -0.176911858820945     
   6.81621958333333        3.85351541666667      -0.168102794244970     
   6.81621958333333        4.14978583333333      -0.158886541677870     
   6.81621958333333        4.44605625000000      -0.149631028974465     
   6.81621958333333        4.74232666666667      -0.140659615793260     
   6.81621958333333        5.03859708333333      -0.132213122323848     
   6.81621958333333        5.33486750000000      -0.124370910941496     
   6.81621958333333        5.63113791666667      -0.117251103657148     
   6.81621958333333        5.92740833333333      -0.110974815506919     
   6.81621958333333        6.22367875000000      -0.105520328707482     
   6.81621958333333        6.51994916666667      -0.100463209192166     
   6.81621958333333        6.81621958333333      -9.473179271591591E-002
   6.81621958333333        7.11249000000000      -8.692765454702664E-002
   7.11249000000000       2.000000000000000E-003 -0.182652127395122     
   7.11249000000000       0.298270416666667      -0.191373906047577     
   7.11249000000000       0.594540833333333      -0.195212518460091     
   7.11249000000000       0.890811250000000      -0.194159631295611     
   7.11249000000000        1.18708166666667      -0.192112246530541     
   7.11249000000000        1.48335208333333      -0.190118443914013     
   7.11249000000000        1.77962250000000      -0.188011198135399     
   7.11249000000000        2.07589291666667      -0.185509256082400     
   7.11249000000000        2.37216333333333      -0.182418592796327     
   7.11249000000000        2.66843375000000      -0.178611858998026     
   7.11249000000000        2.96470416666667      -0.173892218099526     
   7.11249000000000        3.26097458333333      -0.168218989410288     
   7.11249000000000        3.55724500000000      -0.161663665128923     
   7.11249000000000        3.85351541666667      -0.154393262999408     
   7.11249000000000        4.14978583333333      -0.146671251927252     
   7.11249000000000        4.44605625000000      -0.138808752441058     
   7.11249000000000        4.74232666666667      -0.131105971812720     
   7.11249000000000        5.03859708333333      -0.123809770652609     
   7.11249000000000        5.33486750000000      -0.117104092363762     
   7.11249000000000        5.63113791666667      -0.111167110291265     
   7.11249000000000        5.92740833333333      -0.106148479236407     
   7.11249000000000        6.22367875000000      -0.102023923704607     
   7.11249000000000        6.51994916666667      -9.806435864690310E-002
   7.11249000000000        6.81621958333333      -9.208196465634993E-002
   7.11249000000000        7.11249000000000      -8.477540537024661E-002
